011100101000100000100001
101110000010010001000010
110101000100000110000100
111000010001001000011000
010001110100010001000100
001010110010000110000010
100011011000001000010001
000111100001100000101000
100000100111100000011000
001010001011010010000100
010001001101000101000010
000100011110001000100001
100000011000011100101000
010010000100101110000010
000100100001110100010001
001001000010111001000100
001001000100010001110010
010010000010000110110100
100000010001100011010001
000100101000001011101000
000100011000100000010111
001010000100000101001011
010001000010010010001101
100000100001001000101110

011110000100010000010010
101101001000001001000100
110100100010100010000001
111000010001000100101000
100001110001000100010010
010010111000100001000001
001011010010001010000100
000111100100010000101000
010001000111001010000001
100000011011010000011000
001000101101100001000100
000110001110000100100010
001001000010011101000001
100000010100101100100010
010000101000110110000100
000110000001111000011000
001000101000001001110001
010001000010100010110100
000100010001010011010010
100010000100000111101000
000100010100000100010111
010000100010001001001011
100010000001010000101101
001001001000100010001110

011110001000001000010010
101100100100010000100100
110101000010100010001000
111000010001000101000001
100001110001001001000010
001010110100100010000100
010011010010010000101000
000111101000000100010001
100000010111001000010001
010001001011100000100100
001000101101010010001000
000110001110000101000010
001001000100011100101000
010000100010101110000100
100010001000110101000001
000100010001111000010010
001001000010010001110100
000110000001001010110001
010000100100100011011000
100000011000000111100010
001000100010100000100111
010001000100010010001011
100010000001000100011101
000100011000001001001110

011110001000001001000010
101100100100010000010100
110101000010100010000001
111000010001000100101000
100001110001001001001000
001010110100100010000100
010011010010010000010001
000111101000000100100010
100000010111000101000010
010001001011100000010100
001000101101010010000001
000110001110001000101000
001001000100011100010001
010000100010101110000100
100010000001110100100010
000100011000111001001000
001001000010010001110100
100010001000000110111000
000100010001001011010010
010000100100100011100001
000110000001000101000111
010001000100010010001011
100000011000001000101101
001000100010100000011110

010011100001000010011000
101000110000100101001000
010100011000010010101000
001010001100001001011000
100101000110000100101000
100010011010010000010100
110000001101001100000100
011001000110100010000100
001101100001010001000100
000110110000101000100100
000011010001001110000010
100000101010100011000010
010000010101010001100010
001001001000101000110010
000100100110010100010010
010010100010001001100001
101000010011000000110001
010100001001100100010001
001010000100110110000001
100101000000011011000001
111110000000000000000111
000001111100000000001011
000000000011111000001101
000000000000000111111110

010011100001000010011000
101000110000100101001000
010100011000010010101000
001010001100001001011000
100101000110000100101000
100010011010010000010100
110000001101001100000100
011001000110100010000100
001101100001010001000100
000110110000101000100100
000011010001001110000010
100000101010100011000010
010000010101010001100010
001001001000101000110010
000100100110010100010010
010010100010001001100001
101000010011000000110001
010100001001100100010001
001010000100110110000001
100101000000011011000001
111110000000000000000111
000001111100000000001011
000000000011111000001101
000000000000000111111110
