0111100010000001010001000100
1011001000011000000100010001
1101010000100100001000101000
1110000101000010100010000010
1000011110000010100001001000
0010101100101000000100100010
0100110100010100001000010100
0001111001000001010010000001
1000100001110100010000011000
0001000110111000100000100001
0010010011010010001001000010
0100001011100001000110000100
0100010001000111000100100001
0010001010001011001000011000
0001100000101101100001000010
1000000100011110010010000100
0001100001000010011100101000
1000000110000001101100010001
0010001000100100110101000100
0100010000011000111010000010
0001000100010001000101110010
1000100000100010001010110100
0010010001001000100011011000
0100001010000100010011100001
0010100010000100100000100111
1000001000010001001001001011
0001010000100010000110001101
0100000101001000010000011110

0111100010000010100010000100
1011010001000001001000010001
1101001000101000000101000010
1110000100010100010000101000
1000011100100100100000100100
0100101100011000001001000001
0010110110000001000100010010
0001111001000010010010001000
1000001001110001100010000010
0100000110110010001000011000
0010100011010100000101000100
0001010011101000010000100001
0010010000010111010001000010
0001100000101011000100101000
1000000101001101001010000100
0100001010001110100000010001
1000100010000001011100100001
0001000100011000101110000010
0100010001000010110101000100
0010001000100100111000011000
1000000110000010010001110010
0010010000101000001010110100
0001100000010100100011010001
0100001001000001000111101000
0001000101000100000100010111
1000100000100010001001001011
0010001010001000010010001101
0100010000010001100000101110

0110011000010000011000101000
1011000101000000100100011000
1100100010100001000011001000
0100110011000010000101000100
0011011000101000000010100100
1001100100010100001000010100
1000100110011000100000100010
0100011011000101000000010010
0011001100100010010001000010
0101000100110011000010000001
0010100011011000011000000001
1000011001100100100100000001
0000101000100110101000011000
0000010100011011000101001000
0001000011001100010010101000
0010000101000100110011000100
0100001000011001010100010100
1000000010100011101000100100
1000010000101000010110010010
0101000000010100101011000010
0010100001000011001100100010
0011000010000101000100110001
1000101000000010010011010001
0100010100001000101001100001
1110000000001110000000000111
0001110000000001110000001011
0000001110000000001110001101
0000000001110000000001111110

0110100010010000010100011000
1010011001000000100011001000
1101000100100001001000101000
0010110100010010000100100100
1001010011001000000010010100
0101101000100100001001000100
0100010110100010100000100010
0011001010011001000000010010
1000101101000100010001000010
0100100010110100100010000001
0010011001010011001000000001
1001000101101000010100000001
0000100100010110010010011000
0000010011001010101001001000
0001001000101101000100101000
0010000100100010110100010100
0100001001000101011000100100
1000000010011001100011000100
0010010000100100100110100010
1001000000010011001010010010
0100100001001000011101000010
0100010010000100010010110001
0011001000000010101001010001
1000100100001001000101100001
1110000000001110000000000111
0001110000000001110000001011
0000001110000000001110001101
0000000001110000000001111110
