0111111111111111111111111111111111111111000000000000000000000000000000000000000000000000000000000000000000000000000000000000000000000000000000000000000000000000000000000000000000000000000000000000000000000000000000000000000000000000000000000000000000000000000000000000000000000000000000000000000000000000000000
1011111111000000000000000000000000000000111111111111111111111111111111000000000000000000000000000000000000000000000000000000000000000000000000000000000000000000000000000000000000000000000000000000000000000000000000000000000000000000000000000000000000000000000000000000000000000000000000000000000000000000000000
1101111111000000000000000000000000000000000000000000000000000000000000111111111111111111111111111111000000000000000000000000000000000000000000000000000000000000000000000000000000000000000000000000000000000000000000000000000000000000000000000000000000000000000000000000000000000000000000000000000000000000000000
1110111111000000000000000000000000000000000000000000000000000000000000000000000000000000000000000000111111111111111111111111111111000000000000000000000000000000000000000000000000000000000000000000000000000000000000000000000000000000000000000000000000000000000000000000000000000000000000000000000000000000000000
1111011111000000000000000000000000000000000000000000000000000000000000000000000000000000000000000000000000000000000000000000000000111111111111111111111111111111000000000000000000000000000000000000000000000000000000000000000000000000000000000000000000000000000000000000000000000000000000000000000000000000000000
1111101111000000000000000000000000000000000000000000000000000000000000000000000000000000000000000000000000000000000000000000000000000000000000000000000000000000111111111111111111111111111111000000000000000000000000000000000000000000000000000000000000000000000000000000000000000000000000000000000000000000000000
1111110111000000000000000000000000000000000000000000000000000000000000000000000000000000000000000000000000000000000000000000000000000000000000000000000000000000000000000000000000000000000000111111111111111111111111111111000000000000000000000000000000000000000000000000000000000000000000000000000000000000000000
1111111011000000000000000000000000000000000000000000000000000000000000000000000000000000000000000000000000000000000000000000000000000000000000000000000000000000000000000000000000000000000000000000000000000000000000000000111111111111111111111111111111000000000000000000000000000000000000000000000000000000000000
1111111101000000000000000000000000000000000000000000000000000000000000000000000000000000000000000000000000000000000000000000000000000000000000000000000000000000000000000000000000000000000000000000000000000000000000000000000000000000000000000000000000111111111111111111111111111111000000000000000000000000000000
1111111110000000000000000000000000000000000000000000000000000000000000000000000000000000000000000000000000000000000000000000000000000000000000000000000000000000000000000000000000000000000000000000000000000000000000000000000000000000000000000000000000000000000000000000000000000000111111111111111111111111111111
1000000000011110000000000000001111000000100000000011000000000000011110100000100100000110000000000000100000010000011001100000000001100000000000100000000000100000100000000000000000000000000000100000000000000000010000000000100001001000000000000000000000100000000000000000000000000000100000000000000000000000000000
1000000000101111000000000000000000111000010000011011000000000000000000010000100000010100000000000000010000000000000000000000000000010000000000001000000000000100010000000000100001010000000001010000000100000000001001000010010000000000000000000110000000010000000000000000000000000000010000000000000010100000000000
1000000000110110100100000000000000000110001000000000000000000000000000001000000001010000000000010000001000001000001100100000000000001001010000100000000000100000001000000010000010010000000001001000000000000001000100000000001000000000000000001010000000001000000000000000000000000000001000000000000000000001001000
1000000000111010010010100000000000000001000101100000000000000000001010000100000000000000000000110000000100001000010101000000000000000100000101001000000000000100000100000000000000000000000000000100000000000000000000000000000100000000000000001100000000000100000000000000110011000000000100000000000010000000000000
1000000000111100001001011000000000000000000011100000000000000000010100000010000000000000000000000000000010010000000000000000000000000010000000000000000000000000000010000010100011000000000000000010000100000100011000000000000010000000000000000000000000000010000000000000100010000011000010000000000000000101101000
1000000000010000111000000100000000111000001001000000000000000000000100000001000000000000000000000000000001000001001000000000000000000111000000110000000000000000000001000010000000001000000000000001000100000010010000000010000001000000000001100110000001000001000000000000000000000000100001000000000000000001000000
1000000000001001011100000100000000000110000000100000011000000000110000000000100000000000000000000000110000100000000000000000000000000110100011000000000000000000000000100000000000000000000000000000100000000001000000000000000000100000000010101010000000000000100000100000000101000001000000100000000000010000001000
1000000000000101101010100100000000000001001000010100010000000000100000100010010000001000000010000000000000010001000000000000010100010000010000000000000000001000000000010000000000000001000010000000010000000000000000000000000000010000000011001100000000000000010000000000110000000000000000010000000000000000000000
1000000000000011110001011100000000000000000000001000000000000000000000001100001000000000000000000000000000001000000000000000000000010000001000000000000000010000000000001000000000000011000110000000001100000010000000000000000000001010000000000000000001000000001000100000100100000000100000001000000001011000101000
1000000000001000100011000010001000000110000100000100011000000110000001000000000100000000100000010000100000000100000000000000101000000000010100100101000000000000010011001100000000000000000000000000000100000000000000000000000000000100000000000000000000000000000100000000000000000000000000000100000000010001000000
1000000000000100010101100010001000000001000000100010010100010100000010000000000010000001100000110000000000000010000000000010000100110000000010000000000001001000000000000010000000000000000000001011000010000000000000000000000000000010000000000000000000000000000010000000000000000000000000001010001000000000000000
1000000000000010001110011010001000000000000100100001100100100000000100000001010001000000000000001001001000000001000000000000100010110000000001000000000010010000000000000001000000000000000000000000000001000000000000000000000000000001000000000000000000000000000001000000000000000000000000000001000001010101000000
1000000000000100010010010001000100100001101001000100100100011000001000000000000000100000000000000110000000000000100000000010010000000000000001101010100000000000000000000000100000000001000000010010000000100000000000000000000000000000100000000000000000000000101000100000000000000000000000000000100000000000000000
1000000000000010001001101001000100100000000001000000010100100000010000100100000000010000000000000100011000000000010000000000001010000000110110010000000000000000000000000000010000000011000000000000000000010010001000000000000000000000010000000000000000000000000000010000010000000001000000000000010000000000000000
1000000000000010001001010000100010010100010100000000101000000000100000101001000000001000000000001000000000010000001100000000000000000000100100001000000000000000000000000000001011000000000000000000000000001000000000000000000000000010001000001001000001000000000000001000010100000010000000000000001000000000000000
1000000000000001111000000011110000000000000000000100000100000000000100001100000000001100000010000011110000000000000100000100100000000000000011110100000000011000000010000000000100000000000000000000000000000100000000000000000000000000000100000000000000000000000000000100000000000000000000000000000100001001000000
1000000000000000000111000101111000000000000000000000100010000000000001000000000000000010000000000000100000000000000010000100000010000000000000000010000011011000000001001000010010000000100000001010000000001010000000000100010100000000000010000000000000000000000000000010000000000000000000110000000010000000000000
1000000000000000000000110110110100100000000000000100000001001010000100100100000000000001000001000001000000000010000001000000001010000000000000000001000000000000001000100000000001000000000000010010000000001001000000010000000000001001000001000000000000000000000000000001000000000000000001010000000001000000000000
1000000000000000000000001111010010010100000000000000100000100000101001101000000000000000100001000010000000000110000000100000000000000000000001010000101100000000000000000000000000100000000000000000000000000000100000000000010000000000000000100000000000000110011000000000100000000000000001100000000000100000000000
1000000000000000000000000111100001001011000000000000000000010000000000000000000000000000010010000000000000000000000000010000000000000000000010100000011100000000100011000000000000010000100000011000000000000000010000010100000000101101000000010000000000000100010000011000010000000000000000000000000000010000000000
1000000000100000000111000010000111000000000000000000000000111000000110000000000000000000001000001001000000000000000000001000000000000000000000100001001000000000010010000000010000001000100000000001000000000000001000010000000000001000000100001000000000000000000000000000001000000000001100110000001000001000000000
1000000000100000000000110001001011100000000000000000000000110100011000000000000000000110000100000000000000000000000000000100000000000000000110000000000100000011001000000000000000000100000000000000000000000000000100000000000010000001000000000100000000000000101000001000000100000100010101010000000000000100000000
1000000000100000000000001000101101010100000000000001000010000010000000000000000010100000000010001000000000010000000100010010000001000000000100000001000010100010000000000000000000000010000000000000001000010000000010000000000000000000000000000010000000000110000000000000000010000000011001100000000000000010000000
1000000000100000000000000000011110001011000000000010000010000001000000000000000000000000000001000000000000000000000001100001000000000000000000000000000001000000010000000000000000000001100000000000011000110000000001000000001011000101000100000001000000000100100000000000000001000100000000000000001000000001010000
1000000000010001000000110001000100011000101000000000000000000010100100000000000101000100000000100000000100000010000000000000100000000000110000001000100000100011000000000000000000000000100000000000000000000010011001100000000010001000000000000000100000000000000000000000000000100000000000000000000000000000100000
1000000000010001000000001000100010101100000000001001000110000000010000000000010000100000000000010000001100000110000000000000010000100010100000010000000100010010000000000000000001011000010000000000000000000000000000010000000000000000000000000001010001000000000000000000000000010000000000000000000000000000010000
1000000000010001000000000000010001110011000000010010000110000000001000000000000100010001000000001000000000000001001000001010001000100100000000100000100100001100000000000000000000000000001000000000000000000000000000001000001010101000000000000000001000000000000000000000000000001000000000000000000000000000001000
1000000000001000100100001000100010010010010100000000000000000000001101000000010010000000000000000100000000000000110000000000000100100011000001000101001000100100000000000000000010010000000100000000001000000000000000000100000000000000000000000000000100000000000000000000000101000100000000000000000000000000000100
1000000000001000100100000000010001001101000000000000000000000110110010000000000001010011000000000010000000000000100100100000000010100100000010000000001000000010010001000000000000000000000010000000011000000000000000000010000000000000000000000000000010000010000000001000000000000010000000000000000000000000000010
1000000000000100010010100000010001001010000000000000000000000100100001100000000000000000000010000001000000000001000101001000000001000000000100000010100000000101000000000000000000000000000001011000000000000000000000000001000000000000000000000000000001000010100000010000000000000001000001001000001000000000010001
0100000000100000000000100000000000100000011110000000000000001111000000100000000011000000000000011110100000100100000110000000000000100000010000011001100000000001100000000000000000000000000000100000000000000000000000000000100000000000000000010000000000100001001000000000000000000000100000000000000000000000000000
0100000000010000000000001000000000000100101111000000000000000000111000010000011011000000000000000000010000100000010100000000000000010000000000000000000000000000010000000000000010100000000000010000000000100001010000000001010000000100000000001001000010010000000000000000000110000000010000000000000000000000000000
0100000000001001010000100000000000100000110110100100000000000000000110001000000000000000000000000000001000000001010000000000010000001000001000001100100000000000001000000000000000000001001000001000000010000010010000000001001000000000000001000100000000001000000000000000001010000000001000000000000000000000000000
0100000000000100000101001000000000000100111010010010100000000000000001000101100000000000000000001010000100000000000000000000110000000100001000010101000000000000000100000000000010000000000000000100000000000000000000000000000100000000000000000000000000000100000000000000001100000000000100000000000000110011000000
0100000000000010000000000000000000000000111100001001011000000000000000000011100000000000000000010100000010000000000000000000000000000010010000000000000000000000000010000000000000000101101000000010000010100011000000000000000010000100000100011000000000000010000000000000000000000000000010000000000000100010000011
0100000000000111000000110000000000000000010000111000000100000000111000001001000000000000000000000100000001000000000000000000000000000001000001001000000000000000100001000000000000000001000000000001000010000000001000000000000001000100000010010000000010000001000000000001100110000001000001000000000000000000000000
0100000000000110100011000000000000000000001001011100000100000000000110000000100000011000000000110000000000100000000000000000000000110000100000000000000000000000000000100000000000010000001000000000100000000000000000000000000000100000000001000000000000000000100000000010101010000000000000100000100000000101000001
0100000000010000010000000000000000001000000101101010100100000000000001001000010100010000000000100000100010010000001000000010000000000000010001000000000000010100000000010000000000000000000000000000010000000000000001000010000000010000000000000000000000000000010000000011001100000000000000010000000000110000000000
0100000000010000001000000000000000010000000011110001011100000000000000000000001000000000000000000000001100001000000000000000000000000000001000000000000000000000100000001000000001011000101000000000001000000000000011000110000000001100000010000000000000000000001010000000000000000001000000001000100000100100000000
0100000000000000010100100101000000000000001000100011000010001000000110000100000100011000000110000001000000000100000000100000010000100000000100000000000000101000000000000100000000010001000000010011001100000000000000000000000000000100000000000000000000000000000100000000000000000000000000000100000000000000000000
0100000000110000000010000000000001001000000100010101100010001000000001000000100010010100010100000010000000000010000001100000110000000000000010000000000010000100000000001010001000000000000000000000000010000000000000000000001011000010000000000000000000000000000010000000000000000000000000000010000000000000000000
0100000000110000000001000000000010010000000010001110011010001000000000000100100001100100100000000100000001010001000000000000001001001000000001000000000000100010000000000001000001010101000000000000000001000000000000000000000000000001000000000000000000000000000001000000000000000000000000000001000000000000000000
0100000000000000000001101010100000000000000100010010010001000100100001101001000100100100011000001000000000000000100000000000000110000000000000100000000010010000000000000000100000000000000000000000000000100000000001000000010010000000100000000000000000000000000000100000000000000000000000101000100000000000000000
0100000000000000110110010000000000000000000010001001101001000100100000000001000000010100100000010000100100000000010000000000000100011000000000010000000000001010000000000000010000000000000000000000000000010000000011000000000000000000010010001000000000000000000000010000000000000000000000000000010000010000000001
0100000000000000100100001000000000000000000010001001010000100010010100010100000000101000000000100000101001000000001000000000001000000000010000001100000000000000000000000000001000000000000000000000000000001011000000000000000000000000001000000000000000000000000010001000001001000001000000000000001000010100000010
0100000000000000000011110100000000011000000001111000000011110000000000000000000100000100000000000100001100000000001100000010000011110000000000000100000100100000000000000000000100001001000000000010000000000100000000000000000000000000000100000000000000000000000000000100000000000000000000000000000100000000000000
0100000000000000000000000010000011011000000000000111000101111000000000000000000000100010000000000001000000000000000010000000000000100000000000000010000100000010000000110000000010000000000000000001001000010010000000100000001010000000001010000000000100010100000000000010000000000000000000000000000010000000000000
0100000000000000000000000001000000000000000000000000110110110100100000000000000100000001001010000100100100000000000001000001000001000000000010000001000000001010000001010000000001000000000000001000100000000001000000000000010010000000001001000000010000000000001001000001000000000000000000000000000001000000000000
0100000000000000000001010000101100000000000000000000001111010010010100000000000000100000100000101001101000000000000000100001000010000000000110000000100000000000000001100000000000100000000000000000000000000000100000000000000000000000000000100000000000010000000000000000100000000000000110011000000000100000000000
0100000000000000000010100000011100000000000000000000000111100001001011000000000000000000010000000000000000000000000000010010000000000000000000000000010000000000000000000000000000010000000000100011000000000000010000100000011000000000000000010000010100000000101101000000010000000000000100010000011000010000000000
0100000000000000000000100001001000000000100000000111000010000111000000000000000000000000111000000110000000000000000000001000001001000000000000000000001000000000001100110000001000001000000000010010000000010000001000100000000001000000000000001000010000000000001000000100001000000000000000000000000000001000000000
0100000000000000000110000000000100000011100000000000110001001011100000000000000000000000110100011000000000000000000110000100000000000000000000000000000100000000010101010000000000000100000000001000000000000000000100000000000000000000000000000100000000000010000001000000000100000000000000101000001000000100000100
0100000000000000000100000001000010100010100000000000001000101101010100000000000001000010000010000000000000000010100000000010001000000000010000000100010010000001011001100000000000000010000000000000000000000000000010000000000000001000010000000010000000000000000000000000000010000000000110000000000000000010000000
0100000000000000000000000000000001000000100000000000000000011110001011000000000010000010000001000000000000000000000000000001000000000000000000000001100001000000000000000000001000000001010000010000000000000000000001100000000000011000110000000001000000001011000101000100000001000000000100100000000000000001000100
0100000000000000110000001000100000100011010001000000110001000100011000101000000000000000000010100100000000000101000100000000100000000100000010000000000000100000000000000000000000000000100000000000000000000000000000100000000000000000000010011001100000000010001000000000000000100000000000000000000000000000100000
0100000000100010100000010000000100010010010001000000001000100010101100000000001001000110000000010000000000010000100000000000010000001100000110000000000000010000000000000000000000000000010000000000000000000001011000010000000000000000000000000000010000000000000000000000000001010001000000000000000000000000010000
0100000000100100000000100000100100001100010001000000000000010001110011000000010010000110000000001000000000000100010001000000001000000000000001001000001010001000000000000000000000000000001000000000000000000000000000001000000000000000000000000000001000001010101000000000000000001000000000000000000000000000001000
0100000000100011000001000101001000100100001000100100001000100010010010010100000000000000000000001101000000010010000000000000000100000000000000110000000000000100000000000000000000000000000100000000000000000010010000000100000000001000000000000000000100000000000000000000000000000100000000000000000000000101000100
0100000000100100000010000000001000000010001000100100000000010001001101000000000000000000000110110010000000000001010011000000000010000000000000100100100000000010000000000000000000000000000010010001000000000000000000000010000000011000000000000000000010000000000000000000000000000010000010000000001000000000000010
0100000000000000000100000010100000000101000100010010100000010001001010000000000000000000000100100001100000000000000000000010000001000000000001000101001000000001000001001000001000000000010001000000000000000000000000000001011000000000000000000000000001000000000000000000000000000001000010100000010000000000000001
0010000000100000010000011001100000000001100000000000100000000000100000011110000000000000001111000000100000000011000000000000011110100000100100000110000000000000100000000000000000000000000000100000000000000000000000000000100000000000000000000000000000100000000000000000010000000000100001001000000000000000000000
0010000000010000000000000000000000000000010000000000001000000000000100101111000000000000000000111000010000011011000000000000000000010000100000010100000000000000010000000000000000000000000000010000000000000010100000000000010000000000100001010000000001010000000100000000001001000010010000000000000000000110000000
0010000000001000001000001100100000000000001001010000100000000000100000110110100100000000000000000110001000000000000000000000000000001000000001010000000000010000001000000000000000000000000000001000000000000000000001001000001000000010000010010000000001001000000000000001000100000000001000000000000000001010000000
0010000000000100001000010101000000000000000100000101001000000000000100111010010010100000000000000001000101100000000000000000001010000100000000000000000000110000000100000000000000110011000000000100000000000010000000000000000100000000000000000000000000000100000000000000000000000000000100000000000000001100000000
0010000000000010010000000000000000000000000010000000000000000000000000111100001001011000000000000000000011100000000000000000010100000010000000000000000000000000000010000000000000100010000011000010000000000000000101101000000010000010100011000000000000000010000100000100011000000000000010000000000000000000000000
0010000000000001000001001000000000000000000111000000110000000000000000010000111000000100000000111000001001000000000000000000000100000001000000000000000000000000000001000000000000000000000000100001000000000000000001000000000001000010000000001000000000000001000100000010010000000010000001000000000001100110000001
0010000000110000100000000000000000000000000110100011000000000000000000001001011100000100000000000110000000100000011000000000110000000000100000000000000000000000000000100000100000000101000001000000100000000000010000001000000000100000000000000000000000000000100000000001000000000000000000100000000010101010000000
0010000000000000010001000000000000010100010000010000000000000000001000000101101010100100000000000001001000010100010000000000100000100010010000001000000010000000000000010000000000110000000000000000010000000000000000000000000000010000000000000001000010000000010000000000000000000000000000010000000011001100000000
0010000000000000001000000000000000000000010000001000000000000000010000000011110001011100000000000000000000001000000000000000000000001100001000000000000000000000000000001000100000100100000000100000001000000001011000101000000000001000000000000011000110000000001100000010000000000000000000001010000000000000000001
0010000000100000000100000000000000101000000000010100100101000000000000001000100011000010001000000110000100000100011000000110000001000000000100000000100000010000000000000100000000000000000000000000000100000000010001000000010011001100000000000000000000000000000100000000000000000000000000000100000000000000000000
0010000000000000000010000000000010000100110000000010000000000001001000000100010101100010001000000001000000100010010100010100000010000000000010000001100000110000000000000010000000000000000000000000001010001000000000000000000000000010000000000000000000001011000010000000000000000000000000000010000000000000000000
0010000000001000000001000000000000100010110000000001000000000010010000000010001110011010001000000000000100100001100100100000000100000001010001000000000000001001000000000001000000000000000000000000000001000001010101000000000000000001000000000000000000000000000001000000000000000000000000000001000000000000000000
0010000000000000000000100000000010010000000000000001101010100000000000000100010010010001000100100001101001000100100100011000001000000000000000100000000000000110000000101000100000000000000000000000000000100000000000000000000000000000100000000001000000010010000000100000000000000000000000000000100000000000000000
0010000000011000000000010000000000001010000000110110010000000000000000000010001001101001000100100000000001000000010100100000010000100100000000010000000000000100000000000000010000010000000001000000000000010000000000000000000000000000010000000011000000000000000000010010001000000000000000000000010000000000000000
0010000000000000010000001100000000000000000000100100001000000000000000000010001001010000100010010100010100000000101000000000100000101001000000001000000000001000000000000000001000010100000010000000000000001000000000000000000000000000001011000000000000000000000000001000000000000000000000000010001000001001000001
0010000000110000000000000100000100100000000000000011110100000000011000000001111000000011110000000000000000000100000100000000000100001100000000001100000010000011000000000000000100000000000000000000000000000100001001000000000010000000000100000000000000000000000000000100000000000000000000000000000100000000000000
0010000000100000000000000010000100000010000000000000000010000011011000000000000111000101111000000000000000000000100010000000000001000000000000000010000000000000000000000000000010000000000000000000110000000010000000000000000001001000010010000000100000001010000000001010000000000100010100000000000010000000000000
0010000000000000000010000001000000001010000000000000000001000000000000000000000000110110110100100000000000000100000001001010000100100100000000000001000001000001000000000000000001000000000000000001010000000001000000000000001000100000000001000000000000010010000000001001000000010000000000001001000001000000000000
0010000000000000000110000000100000000000000000000001010000101100000000000000000000001111010010010100000000000000100000100000101001101000000000000000100001000010000110011000000000100000000000000001100000000000100000000000000000000000000000100000000000000000000000000000100000000000010000000000000000100000000000
0010000000000000000000000000010000000000000000000010100000011100000000000000000000000111100001001011000000000000000000010000000000000000000000000000010010000000000100010000011000010000000000000000000000000000010000000000100011000000000000010000100000011000000000000000010000010100000000101101000000010000000000
0010000000000000000000000000001000000000000000000000100001001000000000100000000111000010000111000000000000000000000000111000000110000000000000000000001000001001000000000000000000001000000000001100110000001000001000000000010010000000010000001000100000000001000000000000001000010000000000001000000100001000000000
0010000000000000000000000000000100000000000000000110000000000100000011100000000000110001001011100000000000000000000000110100011000000000000000000110000100000000000000101000001000000100000100010101010000000000000100000000001000000000000000000100000000000000000000000000000100000000000010000001000000000100000000
0010000000000000010000000100010010000001000000000100000001000010100010100000000000001000101101010100000000000001000010000010000000000000000010100000000010001000000110000000000000000010000000011001100000000000000010000000000000000000000000000010000000000000001000010000000010000000000000000000000000000010000000
0010000000000000000000000001100001000000000000000000000000000001000000100000000000000000011110001011000000000010000010000001000000000000000000000000000001000000000100100000000000000001000100000000000000001000000001010000010000000000000000000001100000000000011000110000000001000000001011000101000100000001000000
0010000000000100000010000000000000100000000000110000001000100000100011010001000000110001000100011000101000000000000000000010100100000000000101000100000000100000000000000000000000000000100000000000000000000000000000100000000000000000000000000000100000000000000000000010011001100000000010001000000000000000100000
0010000000001100000110000000000000010000100010100000010000000100010010010001000000001000100010101100000000001001000110000000010000000000010000100000000000010000000000000000000000000000010000000000000000000000000000010000000000000000000001011000010000000000000000000000000000010000000000000000000000000001010001
0010000000000000000001001000001010001000100100000000100000100100001100010001000000000000010001110011000000010010000110000000001000000000000100010001000000001000000000000000000000000000001000000000000000000000000000001000000000000000000000000000001000000000000000000000000000001000001010101000000000000000001000
0010000000000000000000110000000000000100100011000001000101001000100100001000100100001000100010010010010100000000000000000000001101000000010010000000000000000100000000000000000000000101000100000000000000000000000000000100000000000000000010010000000100000000001000000000000000000100000000000000000000000000000100
0010000000000000000000100100100000000010100100000010000000001000000010001000100100000000010001001101000000000000000000000110110010000000000001010011000000000010000010000000001000000000000010000000000000000000000000000010010001000000000000000000000010000000011000000000000000000010000000000000000000000000000010
0010000000000000000001000101001000000001000000000100000010100000000101000100010010100000010001001010000000000000000000000100100001100000000000000000000010000001000010100000010000000000000001000001001000001000000000010001000000000000000000000000000001011000000000000000000000000001000000000000000000000000000001
0001000000100000100100000110000000000000100000010000011001100000000001100000000000100000000000100000011110000000000000001111000000100000000011000000000000011110100001001000000000000000000000100000000000000000000000000000100000000000000000000000000000100000000000000000000000000000100000000000000000010000000000
0001000000010000100000010100000000000000010000000000000000000000000000010000000000001000000000000100101111000000000000000000111000010000011011000000000000000000010000000000000000000110000000010000000000000000000000000000010000000000000010100000000000010000000000100001010000000001010000000100000000001001000010
0001000000001000000001010000000000010000001000001000001100100000000000001001010000100000000000100000110110100100000000000000000110001000000000000000000000000000001000000000000000001010000000001000000000000000000000000000001000000000000000000001001000001000000010000010010000000001001000000000000001000100000000
0001000000000100000000000000000000110000000100001000010101000000000000000100000101001000000000000100111010010010100000000000000001000101100000000000000000001010000100000000000000001100000000000100000000000000110011000000000100000000000010000000000000000100000000000000000000000000000100000000000000000000000000
0001000000000010000000000000000000000000000010010000000000000000000000000010000000000000000000000000111100001001011000000000000000000011100000000000000000010100000010000000000000000000000000000010000000000000100010000011000010000000000000000101101000000010000010100011000000000000000010000100000100011000000000
0001000000000001000000000000000000000000000001000001001000000000000000000111000000110000000000000000010000111000000100000000111000001001000000000000000000000100000001000000000001100110000001000001000000000000000000000000100001000000000000000001000000000001000010000000001000000000000001000100000010010000000010
0001000000000000100000000000000000000000110000100000000000000000000000000110100011000000000000000000001001011100000100000000000110000000100000011000000000110000000000100000000010101010000000000000100000100000000101000001000000100000000000010000001000000000100000000000000000000000000000100000000001000000000000
0001000000100010010000001000000010000000000000010001000000000000010100010000010000000000000000001000000101101010100100000000000001001000010100010000000000100000000000010000000011001100000000000000010000000000110000000000000000010000000000000000000000000000010000000000000001000010000000010000000000000000000000
0001000000001100001000000000000000000000000000001000000000000000000000010000001000000000000000010000000011110001011100000000000000000000001000000000000000000000000000001010000000000000000001000000001000100000100100000000100000001000000001011000101000000000001000000000000011000110000000001100000010000000000000
0001000000000000000100000000100000010000100000000100000000000000101000000000010100100101000000000000001000100011000010001000000110000100000100011000000110000001000000000100000000000000000000000000000100000000000000000000000000000100000000010001000000010011001100000000000000000000000000000100000000000000000000
0001000000000000000010000001100000110000000000000010000000000010000100110000000010000000000001001000000100010101100010001000000001000000100010010100010100000010000000000010000000000000000000000000000010000000000000000000000000001010001000000000000000000000000010000000000000000000001011000010000000000000000000
0001000000000001010001000000000000001001001000000001000000000000100010110000000001000000000010010000000010001110011010001000000000000100100001100100100000000100000000000001000000000000000000000000000001000000000000000000000000000001000001010101000000000000000001000000000000000000000000000001000000000000000000
0001000000000000000000100000000000000110000000000000100000000010010000000000000001101010100000000000000100010010010001000100100001101001000100100100011000001000000000000000100000000000000000000000101000100000000000000000000000000000100000000000000000000000000000100000000001000000010010000000100000000000000000
0001000000100100000000010000000000000100011000000000010000000000001010000000110110010000000000000000000010001001101001000100100000000001000000010100100000010000000000000000010000000000000000000000000000010000010000000001000000000000010000000000000000000000000000010000000011000000000000000000010010001000000000
0001000000101001000000001000000000001000000000010000001100000000000000000000100100001000000000000000000010001001010000100010010100010100000000101000000000100000000000000010001000001001000001000000000000001000010100000010000000000000001000000000000000000000000000001011000000000000000000000000001000000000000000
0001000000001100000000001100000010000011110000000000000100000100100000000000000011110100000000011000000001111000000011110000000000000000000100000100000000000100000000000000000100000000000000000000000000000100000000000000000000000000000100001001000000000010000000000100000000000000000000000000000100000000000000
0001000000000000000000000010000000000000100000000000000010000100000010000000000000000010000011011000000000000111000101111000000000000000000000100010000000000001010100000000000010000000000000000000000000000010000000000000000000110000000010000000000000000001001000010010000000100000001010000000001010000000000100
0001000000100100000000000001000001000001000000000010000001000000001010000000000000000001000000000000000000000000110110110100100000000000000100000001001010000100000000001001000001000000000000000000000000000001000000000000000001010000000001000000000000001000100000000001000000000000010010000000001001000000010000
0001000000101000000000000000100001000010000000000110000000100000000000000000000001010000101100000000000000000000001111010010010100000000000000100000100000101001010000000000000000100000000000000110011000000000100000000000000001100000000000100000000000000000000000000000100000000000000000000000000000100000000000
0001000000000000000000000000010010000000000000000000000000010000000000000000000010100000011100000000000000000000000111100001001011000000000000000000010000000000000000101101000000010000000000000100010000011000010000000000000000000000000000010000000000100011000000000000010000100000011000000000000000010000010100
0001000000000000000000000000001000001001000000000000000000001000000000000000000000100001001000000000100000000111000010000111000000000000000000000000111000000110000000001000000100001000000000000000000000000000001000000000001100110000001000001000000000010010000000010000001000100000000001000000000000001000010000
0001000000000000000000000110000100000000000000000000000000000100000000000000000110000000000100000011100000000000110001001011100000000000000000000000110100011000000010000001000000000100000000000000101000001000000100000100010101010000000000000100000000001000000000000000000100000000000000000000000000000100000000
0001000000000000000010100000000010001000000000010000000100010010000001000000000100000001000010100010100000000000001000101101010100000000000001000010000010000000000000000000000000000010000000000110000000000000000010000000011001100000000000000010000000000000000000000000000010000000000000001000010000000010000000
0001000000000000000000000000000001000000000000000000000001100001000000000000000000000000000001000000100000000000000000011110001011000000000010000010000001000000001011000101000100000001000000000100100000000000000001000100000000000000001000000001010000010000000000000000000001100000000000011000110000000001000000
0001000000000000000101000100000000100000000100000010000000000000100000000000110000001000100000100011010001000000110001000100011000101000000000000000000010100100000010001000000000000000100000000000000000000000000000100000000000000000000000000000100000000000000000000000000000100000000000000000000010011001100000
0001000000000000010000100000000000010000001100000110000000000000010000100010100000010000000100010010010001000000001000100010101100000000001001000110000000010000000000000000000000000001010001000000000000000000000000010000000000000000000000000000010000000000000000000001011000010000000000000000000000000000010000
0001000000000000000100010001000000001000000000000001001000001010001000100100000000100000100100001100010001000000000000010001110011000000010010000110000000001000001010101000000000000000001000000000000000000000000000001000000000000000000000000000001000000000000000000000000000001000000000000000000000000000001000
0001000000000000010010000000000000000100000000000000110000000000000100100011000001000101001000100100001000100100001000100010010010010100000000000000000000001101000000000000000000000000000100000000000000000000000101000100000000000000000000000000000100000000000000000010010000000100000000001000000000000000000100
0001000000000000000001010011000000000010000000000000100100100000000010100100000010000000001000000010001000100100000000010001001101000000000000000000000110110010000000000000000000000000000010000010000000001000000000000010000000000000000000000000000010010001000000000000000000000010000000011000000000000000000010
0001000000100000000000000000000010000001000000000001000101001000000001000000000100000010100000000101000100010010100000010001001010000000000000000000000100100001000000000000000000000000000001000010100000010000000000000001000001001000001000000000010001000000000000000000000000000001011000000000000000000000000001
0000100000100000000011000000000000011110100000100100000110000000000000100000010000011001100000000001100000000000100000000000100000011110000000000000001111000000100000000000000000010000000000100001001000000000000000000000100000000000000000000000000000100000000000000000000000000000100000000000000000000000000000
0000100000010000011011000000000000000000010000100000010100000000000000010000000000000000000000000000010000000000001000000000000100101111000000000000000000111000010000000100000000001001000010010000000000000000000110000000010000000000000000000000000000010000000000000010100000000000010000000000100001010000000001
0000100000001000000000000000000000000000001000000001010000000000010000001000001000001100100000000000001001010000100000000000100000110110100100000000000000000110001000000000000001000100000000001000000000000000001010000000001000000000000000000000000000001000000000000000000001001000001000000010000010010000000001
0000100000000101100000000000000000001010000100000000000000000000110000000100001000010101000000000000000100000101001000000000000100111010010010100000000000000001000100000000000000000000000000000100000000000000001100000000000100000000000000110011000000000100000000000010000000000000000100000000000000000000000000
0000100000000011100000000000000000010100000010000000000000000000000000000010010000000000000000000000000010000000000000000000000000111100001001011000000000000000000010000100000100011000000000000010000000000000000000000000000010000000000000100010000011000010000000000000000101101000000010000010100011000000000000
0000100000001001000000000000000000000100000001000000000000000000000000000001000001001000000000000000000111000000110000000000000000010000111000000100000000111000000001000100000010010000000010000001000000000001100110000001000001000000000000000000000000100001000000000000000001000000000001000010000000001000000000
0000100000000000100000011000000000110000000000100000000000000000000000110000100000000000000000000000000110100011000000000000000000001001011100000100000000000110000000100000000001000000000000000000100000000010101010000000000000100000100000000101000001000000100000000000010000001000000000100000000000000000000000
0000100000001000010100010000000000100000100010010000001000000010000000000000010001000000000000010100010000010000000000000000001000000101101010100100000000000001000000010000000000000000000000000000010000000011001100000000000000010000000000110000000000000000010000000000000000000000000000010000000000000001000010
0000100000000000001000000000000000000000001100001000000000000000000000000000001000000000000000000000010000001000000000000000010000000011110001011100000000000000000000001100000010000000000000000000001010000000000000000001000000001000100000100100000000100000001000000001011000101000000000001000000000000011000110
0000100000000100000100011000000110000001000000000100000000100000010000100000000100000000000000101000000000010100100101000000000000001000100011000010001000000110000000000100000000000000000000000000000100000000000000000000000000000100000000000000000000000000000100000000010001000000010011001100000000000000000000
0000100000000000100010010100010100000010000000000010000001100000110000000000000010000000000010000100110000000010000000000001001000000100010101100010001000000001001011000010000000000000000000000000000010000000000000000000000000000010000000000000000000000000001010001000000000000000000000000010000000000000000000
0000100000000100100001100100100000000100000001010001000000000000001001001000000001000000000000100010110000000001000000000010010000000010001110011010001000000000000000000001000000000000000000000000000001000000000000000000000000000001000000000000000000000000000001000001010101000000000000000001000000000000000000
0000100000101001000100100100011000001000000000000000100000000000000110000000000000100000000010010000000000000001101010100000000000000100010010010001000100100001010010000000100000000000000000000000000000100000000000000000000000101000100000000000000000000000000000100000000000000000000000000000100000000001000000
0000100000000001000000010100100000010000100100000000010000000000000100011000000000010000000000001010000000110110010000000000000000000010001001101001000100100000000000000000010010001000000000000000000000010000000000000000000000000000010000010000000001000000000000010000000000000000000000000000010000000011000000
0000100000010100000000101000000000100000101001000000001000000000001000000000010000001100000000000000000000100100001000000000000000000010001001010000100010010100000000000000001000000000000000000000000010001000001001000001000000000000001000010100000010000000000000001000000000000000000000000000001011000000000000
0000100000000000000100000100000000000100001100000000001100000010000011110000000000000100000100100000000000000011110100000000011000000001111000000011110000000000000000000000000100000000000000000000000000000100000000000000000000000000000100000000000000000000000000000100001001000000000010000000000100000000000000
0000100000000000000000100010000000000001000000000000000010000000000000100000000000000010000100000010000000000000000010000011011000000000000111000101111000000000001010000000001010000000000100010100000000000010000000000000000000000000000010000000000000000000110000000010000000000000000001001000010010000000100000
0000100000000000000100000001001010000100100100000000000001000001000001000000000010000001000000001010000000000000000001000000000000000000000000110110110100100000010010000000001001000000010000000000001001000001000000000000000000000000000001000000000000000001010000000001000000000000001000100000000001000000000000
0000100000000000000000100000100000101001101000000000000000100001000010000000000110000000100000000000000000000001010000101100000000000000000000001111010010010100000000000000000000100000000000010000000000000000100000000000000110011000000000100000000000000001100000000000100000000000000000000000000000100000000000
0000100000000000000000000000010000000000000000000000000000010010000000000000000000000000010000000000000000000010100000011100000000000000000000000111100001001011011000000000000000010000010100000000101101000000010000000000000100010000011000010000000000000000000000000000010000000000100011000000000000010000100000
0000100000000000000000000000111000000110000000000000000000001000001001000000000000000000001000000000000000000000100001001000000000100000000111000010000111000000000001000000000000001000010000000000001000000100001000000000000000000000000000001000000000001100110000001000001000000000010010000000010000001000100000
0000100000000000000000000000110100011000000000000000000110000100000000000000000000000000000100000000000000000110000000000100000011100000000000110001001011100000000000000000000000000100000000000010000001000000000100000000000000101000001000000100000100010101010000000000000100000000001000000000000000000100000000
0000100000000000000001000010000010000000000000000010100000000010001000000000010000000100010010000001000000000100000001000010100010100000000000001000101101010100000000001000010000000010000000000000000000000000000010000000000110000000000000000010000000011001100000000000000010000000000000000000000000000010000000
0000100000000000000010000010000001000000000000000000000000000001000000000000000000000001100001000000000000000000000000000001000000100000000000000000011110001011000000011000110000000001000000001011000101000100000001000000000100100000000000000001000100000000000000001000000001010000010000000000000000000001100000
0000100000101000000000000000000010100100000000000101000100000000100000000100000010000000000000100000000000110000001000100000100011010001000000110001000100011000000000000000000010011001100000000010001000000000000000100000000000000000000000000000100000000000000000000000000000100000000000000000000000000000100000
0000100000000000001001000110000000010000000000010000100000000000010000001100000110000000000000010000100010100000010000000100010010010001000000001000100010101100000000000000000000000000010000000000000000000000000001010001000000000000000000000000010000000000000000000000000000010000000000000000000001011000010000
0000100000000000010010000110000000001000000000000100010001000000001000000000000001001000001010001000100100000000100000100100001100010001000000000000010001110011000000000000000000000000001000001010101000000000000000001000000000000000000000000000001000000000000000000000000000001000000000000000000000000000001000
0000100000010100000000000000000000001101000000010010000000000000000100000000000000110000000000000100100011000001000101001000100100001000100100001000100010010010000000001000000000000000000100000000000000000000000000000100000000000000000000000101000100000000000000000000000000000100000000000000000010010000000100
0000100000000000000000000000000110110010000000000001010011000000000010000000000000100100100000000010100100000010000000001000000010001000100100000000010001001101000000011000000000000000000010000000000000000000000000000010000010000000001000000000000010000000000000000000000000000010010001000000000000000000000010
0000100000000000000000000000000100100001100000000000000000000010000001000000000001000101001000000001000000000100000010100000000101000100010010100000010001001010011000000000000000000000000001000000000000000000000000000001000010100000010000000000000001000001001000001000000000010001000000000000000000000000000001
0000010000100000000000000000010000000000100001001000000000000000000000100000000000000000000000000000100000000000000000000000000000100000000000000000000000000000011110000000000000001111000000100000000011000000000000011110100000100100000110000000000000100000010000011001100000000001100000000000100000000000100000
0000010000010000000100000000001001000010010000000000000000000110000000010000000000000000000000000000010000000000000010100000000000010000000000100001010000000001101111000000000000000000111000010000011011000000000000000000010000100000010100000000000000010000000000000000000000000000010000000000001000000000000100
0000010000001000000000000001000100000000001000000000000000001010000000001000000000000000000000000000001000000000000000000001001000001000000010000010010000000001110110100100000000000000000110001000000000000000000000000000001000000001010000000000010000001000001000001100100000000000001001010000100000000000100000
0000010000000100000000000000000000000000000100000000000000001100000000000100000000000000110011000000000100000000000010000000000000000100000000000000000000000000111010010010100000000000000001000101100000000000000000001010000100000000000000000000110000000100001000010101000000000000000100000101001000000000000100
0000010000000010000100000100011000000000000010000000000000000000000000000010000000000000100010000011000010000000000000000101101000000010000010100011000000000000111100001001011000000000000000000011100000000000000000010100000010000000000000000000000000000010010000000000000000000000000010000000000000000000000000
0000010000000001000100000010010000000010000001000000000001100110000001000001000000000000000000000000100001000000000000000001000000000001000010000000001000000000010000111000000100000000111000001001000000000000000000000100000001000000000000000000000000000001000001001000000000000000000111000000110000000000000000
0000010000000000100000000001000000000000000000100000000010101010000000000000100000100000000101000001000000100000000000010000001000000000100000000000000000000000001001011100000100000000000110000000100000011000000000110000000000100000000000000000000000110000100000000000000000000000000110100011000000000000000000
0000010000000000010000000000000000000000000000010000000011001100000000000000010000000000110000000000000000010000000000000000000000000000010000000000000001000010000101101010100100000000000001001000010100010000000000100000100010010000001000000010000000000000010001000000000000010100010000010000000000000000001000
0000010000000000001100000010000000000000000000001010000000000000000001000000001000100000100100000000100000001000000001011000101000000000001000000000000011000110000011110001011100000000000000000000001000000000000000000000001100001000000000000000000000000000001000000000000000000000010000001000000000000000010000
0000010000000000000100000000000000000000000000000100000000000000000000000000000100000000000000000000000000000100000000010001000000010011001100000000000000000000001000100011000010001000000110000100000100011000000110000001000000000100000000100000010000100000000100000000000000101000000000010100100101000000000000
0000010000001011000010000000000000000000000000000010000000000000000000000000000010000000000000000000000000001010001000000000000000000000000010000000000000000000000100010101100010001000000001000000100010010100010100000010000000000010000001100000110000000000000010000000000010000100110000000010000000000001001000
0000010000000000000001000000000000000000000000000001000000000000000000000000000001000000000000000000000000000001000001010101000000000000000001000000000000000000000010001110011010001000000000000100100001100100100000000100000001010001000000000000001001001000000001000000000000100010110000000001000000000010010000
0000010000010010000000100000000000000000000000000000100000000000000000000000101000100000000000000000000000000000100000000000000000000000000000100000000001000000000100010010010001000100100001101001000100100100011000001000000000000000100000000000000110000000000000100000000010010000000000000001101010100000000000
0000010000000000000000010010001000000000000000000000010000000000000000000000000000010000010000000001000000000000010000000000000000000000000000010000000011000000000010001001101001000100100000000001000000010100100000010000100100000000010000000000000100011000000000010000000000001010000000110110010000000000000000
0000010000000000000000001000000000000000000000000010001000001001000001000000000000001000010100000010000000000000001000000000000000000000000000001011000000000000000010001001010000100010010100010100000000101000000000100000101001000000001000000000001000000000010000001100000000000000000000100100001000000000000000
0000010000000000000000000100000000000000000000000000000100000000000000000000000000000100000000000000000000000000000100001001000000000010000000000100000000000000000001111000000011110000000000000000000100000100000000000100001100000000001100000010000011110000000000000100000100100000000000000011110100000000011000
0000010000001010000000001010000000000100010100000000000010000000000000000000000000000010000000000000000000110000000010000000000000000001001000010010000000100000000000000111000101111000000000000000000000100010000000000001000000000000000010000000000000100000000000000010000100000010000000000000000010000011011000
0000010000010010000000001001000000010000000000001001000001000000000000000000000000000001000000000000000001010000000001000000000000001000100000000001000000000000000000000000110110110100100000000000000100000001001010000100100100000000000001000001000001000000000010000001000000001010000000000000000001000000000000
0000010000000000000000000000100000000000010000000000000000100000000000000110011000000000100000000000000001100000000000100000000000000000000000000000100000000000000000000000001111010010010100000000000000100000100000101001101000000000000000100001000010000000000110000000100000000000000000000001010000101100000000
0000010000011000000000000000010000010100000000101101000000010000000000000100010000011000010000000000000000000000000000010000000000100011000000000000010000100000000000000000000111100001001011000000000000000000010000000000000000000000000000010010000000000000000000000000010000000000000000000010100000011100000000
0000010000000001000000000000001000010000000000001000000100001000000000000000000000000000001000000000001100110000001000001000000000010010000000010000001000100000100000000111000010000111000000000000000000000000111000000110000000000000000000001000001001000000000000000000001000000000000000000000100001001000000000
0000010000000000000000000000000100000000000010000001000000000100000000000000101000001000000100000100010101010000000000000100000000001000000000000000000100000000100000000000110001001011100000000000000000000000110100011000000000000000000110000100000000000000000000000000000100000000000000000110000000000100000011
0000010000000000001000010000000010000000000000000000000000000010000000000110000000000000000010000000011001100000000000000010000000000000000000000000000010000000100000000000001000101101010100000000000001000010000010000000000000000010100000000010001000000000010000000100010010000001000000000100000001000010100010
0000010000000000011000110000000001000000001011000101000100000001000000000100100000000000000001000100000000000000001000000001010000010000000000000000000001100000100000000000000000011110001011000000000010000010000001000000000000000000000000000001000000000000000000000001100001000000000000000000000000000001000000
0000010000000000000000000010011001100000000010001000000000000000100000000000000000000000000000100000000000000000000000000000100000000000000000000000000000100000010001000000110001000100011000101000000000000000000010100100000000000101000100000000100000000100000010000000000000100000000000110000001000100000100011
0000010000000000000000000000000000010000000000000000000000000001010001000000000000000000000000010000000000000000000000000000010000000000000000000001011000010000010001000000001000100010101100000000001001000110000000010000000000010000100000000000010000001100000110000000000000010000100010100000010000000100010010
0000010000000000000000000000000000001000001010101000000000000000001000000000000000000000000000001000000000000000000000000000001000000000000000000000000000001000010001000000000000010001110011000000010010000110000000001000000000000100010001000000001000000000000001001000001010001000100100000000100000100100001100
0000010000000000001000000000000000000100000000000000000000000000000100000000000000000000000101000100000000000000000000000000000100000000000000000010010000000100001000100100001000100010010010010100000000000000000000001101000000010010000000000000000100000000000000110000000000000100100011000001000101001000100100
0000010000000000011000000000000000000010000000000000000000000000000010000010000000001000000000000010000000000000000000000000000010010001000000000000000000000010001000100100000000010001001101000000000000000000000110110010000000000001010011000000000010000000000000100100100000000010100100000010000000001000000010
0000010000011000000000000000000000000001000000000000000000000000000001000010100000010000000000000001000001001000001000000000010001000000000000000000000000000001000100010010100000010001001010000000000000000000000100100001100000000000000000000010000001000000000001000101001000000001000000000100000010100000000101
0000001000100000000000000000000000000000100000000000000000010000000000100001001000000000000000000000100000000000000000000000000000100000000000000000000000000000100000000000100000000000100000011110000000000000001111000000100000000011000000000000011110100000100100000110000000000000100000010000011001100000000001
0000001000010000000000100001010000000001010000000100000000001001000010010000000000000000000110000000010000000000000000000000000000010000000000000010100000000000010000000000001000000000000100101111000000000000000000111000010000011011000000000000000000010000100000010100000000000000010000000000000000000000000000
0000001000001000000010000010010000000001001000000000000001000100000000001000000000000000001010000000001000000000000000000000000000001000000000000000000001001000001001010000100000000000100000110110100100000000000000000110001000000000000000000000000000001000000001010000000000010000001000001000001100100000000000
0000001000000100000000000000000000000000000100000000000000000000000000000100000000000000001100000000000100000000000000110011000000000100000000000010000000000000000100000101001000000000000100111010010010100000000000000001000101100000000000000000001010000100000000000000000000110000000100001000010101000000000000
0000001000000010000010100011000000000000000010000100000100011000000000000010000000000000000000000000000010000000000000100010000011000010000000000000000101101000000010000000000000000000000000111100001001011000000000000000000011100000000000000000010100000010000000000000000000000000000010010000000000000000000000
0000001000000001000010000000001000000000000001000100000010010000000010000001000000000001100110000001000001000000000000000000000000100001000000000000000001000000000111000000110000000000000000010000111000000100000000111000001001000000000000000000000100000001000000000000000000000000000001000001001000000000000000
0000001000000000100000000000000000000000000000100000000001000000000000000000100000000010101010000000000000100000100000000101000001000000100000000000010000001000000110100011000000000000000000001001011100000100000000000110000000100000011000000000110000000000100000000000000000000000110000100000000000000000000000
0000001000000000010000000000000001000010000000010000000000000000000000000000010000000011001100000000000000010000000000110000000000000000010000000000000000000000010000010000000000000000001000000101101010100100000000000001001000010100010000000000100000100010010000001000000010000000000000010001000000000000010100
0000001000000000001000000000000011000110000000001100000010000000000000000000001010000000000000000001000000001000100000100100000000100000001000000001011000101000010000001000000000000000010000000011110001011100000000000000000000001000000000000000000000001100001000000000000000000000000000001000000000000000000000
0000001000010011001100000000000000000000000000000100000000000000000000000000000100000000000000000000000000000100000000000000000000000000000100000000010001000000000000010100100101000000000000001000100011000010001000000110000100000100011000000110000001000000000100000000100000010000100000000100000000000000101000
0000001000000000000010000000000000000000001011000010000000000000000000000000000010000000000000000000000000000010000000000000000000000000001010001000000000000000110000000010000000000001001000000100010101100010001000000001000000100010010100010100000010000000000010000001100000110000000000000010000000000010000100
0000001000000000000001000000000000000000000000000001000000000000000000000000000001000000000000000000000000000001000000000000000000000000000001000001010101000000110000000001000000000010010000000010001110011010001000000000000100100001100100100000000100000001010001000000000000001001001000000001000000000000100010
0000001000000000000000100000000001000000010010000000100000000000000000000000000000100000000000000000000000101000100000000000000000000000000000100000000000000000000000000001101010100000000000000100010010010001000100100001101001000100100100011000001000000000000000100000000000000110000000000000100000000010010000
0000001000000000000000010000000011000000000000000000010010001000000000000000000000010000000000000000000000000000010000010000000001000000000000010000000000000000000000110110010000000000000000000010001001101001000100100000000001000000010100100000010000100100000000010000000000000100011000000000010000000000001010
0000001000000000000000001011000000000000000000000000001000000000000000000000000010001000001001000001000000000000001000010100000010000000000000001000000000000000000000100100001000000000000000000010001001010000100010010100010100000000101000000000100000101001000000001000000000001000000000010000001100000000000000
0000001000000010000000000100000000000000000000000000000100000000000000000000000000000100000000000000000000000000000100000000000000000000000000000100001001000000000000000011110100000000011000000001111000000011110000000000000000000100000100000000000100001100000000001100000010000011110000000000000100000100100000
0000001000000001001000010010000000100000001010000000001010000000000100010100000000000010000000000000000000000000000010000000000000000000110000000010000000000000000000000000000010000011011000000000000111000101111000000000000000000000100010000000000001000000000000000010000000000000100000000000000010000100000010
0000001000001000100000000001000000000000010010000000001001000000010000000000001001000001000000000000000000000000000001000000000000000001010000000001000000000000000000000000000001000000000000000000000000110110110100100000000000000100000001001010000100100100000000000001000001000001000000000010000001000000001010
0000001000000000000000000000100000000000000000000000000000100000000000010000000000000000100000000000000110011000000000100000000000000001100000000000100000000000000000000001010000101100000000000000000000001111010010010100000000000000100000100000101001101000000000000000100001000010000000000110000000100000000000
0000001000100011000000000000010000100000011000000000000000010000010100000000101101000000010000000000000100010000011000010000000000000000000000000000010000000000000000000010100000011100000000000000000000000111100001001011000000000000000000010000000000000000000000000000010010000000000000000000000000010000000000
0000001000010010000000010000001000100000000001000000000000001000010000000000001000000100001000000000000000000000000000001000000000001100110000001000001000000000000000000000100001001000000000100000000111000010000111000000000000000000000000111000000110000000000000000000001000001001000000000000000000001000000000
0000001000001000000000000000000100000000000000000000000000000100000000000010000001000000000100000000000000101000001000000100000100010101010000000000000100000000000000000110000000000100000011100000000000110001001011100000000000000000000000110100011000000000000000000110000100000000000000000000000000000100000000
0000001000000000000000000000000010000000000000001000010000000010000000000000000000000000000010000000000110000000000000000010000000011001100000000000000010000000000000000100000001000010100010100000000000001000101101010100000000000001000010000010000000000000000010100000000010001000000000010000000100010010000001
0000001000010000000000000000000001100000000000011000110000000001000000001011000101000100000001000000000100100000000000000001000100000000000000001000000001010000000000000000000000000001000000100000000000000000011110001011000000000010000010000001000000000000000000000000000001000000000000000000000001100001000000
0000001000000000000000000000000000100000000000000000000010011001100000000010001000000000000000100000000000000000000000000000100000000000000000000000000000100000000000110000001000100000100011010001000000110001000100011000101000000000000000000010100100000000000101000100000000100000000100000010000000000000100000
0000001000000000000000000001011000010000000000000000000000000000010000000000000000000000000001010001000000000000000000000000010000000000000000000000000000010000100010100000010000000100010010010001000000001000100010101100000000001001000110000000010000000000010000100000000000010000001100000110000000000000010000
0000001000000000000000000000000000001000000000000000000000000000001000001010101000000000000000001000000000000000000000000000001000000000000000000000000000001000100100000000100000100100001100010001000000000000010001110011000000010010000110000000001000000000000100010001000000001000000000000001001000001010001000
0000001000000000000000000010010000000100000000001000000000000000000100000000000000000000000000000100000000000000000000000101000100000000000000000000000000000100100011000001000101001000100100001000100100001000100010010010010100000000000000000000001101000000010010000000000000000100000000000000110000000000000100
0000001000010001000000000000000000000010000000011000000000000000000010000000000000000000000000000010000010000000001000000000000010000000000000000000000000000010100100000010000000001000000010001000100100000000010001001101000000000000000000000110110010000000000001010011000000000010000000000000100100100000000010
0000001000000000000000000000000000000001011000000000000000000000000001000000000000000000000000000001000010100000010000000000000001000001001000001000000000010001000000000100000010100000000101000100010010100000010001001010000000000000000000000100100001100000000000000000000010000001000000000001000101001000000001
0000000100100000000000000000000000000000100000000000000000000000000000100000000000000000010000000000100001001000000000000000000000100000000000000000000000000000100000010000011001100000000001100000000000100000000000100000011110000000000000001111000000100000000011000000000000011110100000100100000110000000000000
0000000100010000000000000010100000000000010000000000100001010000000001010000000100000000001001000010010000000000000000000110000000010000000000000000000000000000010000000000000000000000000000010000000000001000000000000100101111000000000000000000111000010000011011000000000000000000010000100000010100000000000000
0000000100001000000000000000000001001000001000000010000010010000000001001000000000000001000100000000001000000000000000001010000000001000000000000000000000000000001000001000001100100000000000001001010000100000000000100000110110100100000000000000000110001000000000000000000000000000001000000001010000000000010000
0000000100000100000000000010000000000000000100000000000000000000000000000100000000000000000000000000000100000000000000001100000000000100000000000000110011000000000100001000010101000000000000000100000101001000000000000100111010010010100000000000000001000101100000000000000000001010000100000000000000000000110000
0000000100000010000000000000000101101000000010000010100011000000000000000010000100000100011000000000000010000000000000000000000000000010000000000000100010000011000010010000000000000000000000000010000000000000000000000000111100001001011000000000000000000011100000000000000000010100000010000000000000000000000000
0000000100100001000000000000000001000000000001000010000000001000000000000001000100000010010000000010000001000000000001100110000001000001000000000000000000000000000001000001001000000000000000000111000000110000000000000000010000111000000100000000111000001001000000000000000000000100000001000000000000000000000000
0000000100000000100000000000010000001000000000100000000000000000000000000000100000000001000000000000000000100000000010101010000000000000100000100000000101000001110000100000000000000000000000000110100011000000000000000000001001011100000100000000000110000000100000011000000000110000000000100000000000000000000000
0000000100000000010000000000000000000000000000010000000000000001000010000000010000000000000000000000000000010000000011001100000000000000010000000000110000000000000000010001000000000000010100010000010000000000000000001000000101101010100100000000000001001000010100010000000000100000100010010000001000000010000000
0000000100100000001000000001011000101000000000001000000000000011000110000000001100000010000000000000000000001010000000000000000001000000001000100000100100000000000000001000000000000000000000010000001000000000000000010000000011110001011100000000000000000000001000000000000000000000001100001000000000000000000000
0000000100000000000100000000010001000000010011001100000000000000000000000000000100000000000000000000000000000100000000000000000000000000000100000000000000000000100000000100000000000000101000000000010100100101000000000000001000100011000010001000000110000100000100011000000110000001000000000100000000100000010000
0000000100000000001010001000000000000000000000000010000000000000000000001011000010000000000000000000000000000010000000000000000000000000000010000000000000000000000000000010000000000010000100110000000010000000000001001000000100010101100010001000000001000000100010010100010100000010000000000010000001100000110000
0000000100000000000001000001010101000000000000000001000000000000000000000000000001000000000000000000000000000001000000000000000000000000000001000000000000000000001000000001000000000000100010110000000001000000000010010000000010001110011010001000000000000100100001100100100000000100000001010001000000000000001001
0000000100000000000000100000000000000000000000000000100000000001000000010010000000100000000000000000000000000000100000000000000000000000101000100000000000000000000000000000100000000010010000000000000001101010100000000000000100010010010001000100100001101001000100100100011000001000000000000000100000000000000110
0000000100000000000000010000000000000000000000000000010000000011000000000000000000010010001000000000000000000000010000000000000000000000000000010000010000000001011000000000010000000000001010000000110110010000000000000000000010001001101001000100100000000001000000010100100000010000100100000000010000000000000100
0000000100000000000000001000000000000000000000000000001011000000000000000000000000001000000000000000000000000010001000001001000001000000000000001000010100000010000000010000001100000000000000000000100100001000000000000000000010001001010000100010010100010100000000101000000000100000101001000000001000000000001000
0000000100000000000000000100001001000000000010000000000100000000000000000000000000000100000000000000000000000000000100000000000000000000000000000100000000000000110000000000000100000100100000000000000011110100000000011000000001111000000011110000000000000000000100000100000000000100001100000000001100000010000011
0000000100000000110000000010000000000000000001001000010010000000100000001010000000001010000000000100010100000000000010000000000000000000000000000010000000000000100000000000000010000100000010000000000000000010000011011000000000000111000101111000000000000000000000100010000000000001000000000000000010000000000000
0000000100000001010000000001000000000000001000100000000001000000000000010010000000001001000000010000000000001001000001000000000000000000000000000001000000000000000000000010000001000000001010000000000000000001000000000000000000000000110110110100100000000000000100000001001010000100100100000000000001000001000001
0000000100000001100000000000100000000000000000000000000000100000000000000000000000000000100000000000010000000000000000100000000000000110011000000000100000000000000000000110000000100000000000000000000001010000101100000000000000000000001111010010010100000000000000100000100000101001101000000000000000100001000010
0000000100000000000000000000010000000000100011000000000000010000100000011000000000000000010000010100000000101101000000010000000000000100010000011000010000000000000000000000000000010000000000000000000010100000011100000000000000000000000111100001001011000000000000000000010000000000000000000000000000010010000000
0000000100001100110000001000001000000000010010000000010000001000100000000001000000000000001000010000000000001000000100001000000000000000000000000000001000000000000000000000000000001000000000000000000000100001001000000000100000000111000010000111000000000000000000000000111000000110000000000000000000001000001001
0000000100010101010000000000000100000000001000000000000000000100000000000000000000000000000100000000000010000001000000000100000000000000101000001000000100000100000000000000000000000100000000000000000110000000000100000011100000000000110001001011100000000000000000000000110100011000000000000000000110000100000000
0000000100011001100000000000000010000000000000000000000000000010000000000000001000010000000010000000000000000000000000000010000000000110000000000000000010000000000000010000000100010010000001000000000100000001000010100010100000000000001000101101010100000000000001000010000010000000000000000010100000000010001000
0000000100000000000000001000000001010000010000000000000000000001100000000000011000110000000001000000001011000101000100000001000000000100100000000000000001000100000000000000000001100001000000000000000000000000000001000000100000000000000000011110001011000000000010000010000001000000000000000000000000000001000000
0000000100000000000000000000000000100000000000000000000000000000100000000000000000000010011001100000000010001000000000000000100000000000000000000000000000100000000100000010000000000000100000000000110000001000100000100011010001000000110001000100011000101000000000000000000010100100000000000101000100000000100000
0000000100000000000000000000000000010000000000000000000001011000010000000000000000000000000000010000000000000000000000000001010001000000000000000000000000010000001100000110000000000000010000100010100000010000000100010010010001000000001000100010101100000000001001000110000000010000000000010000100000000000010000
0000000100000000000000000000000000001000000000000000000000000000001000000000000000000000000000001000001010101000000000000000001000000000000000000000000000001000000000000001001000001010001000100100000000100000100100001100010001000000000000010001110011000000010010000110000000001000000000000100010001000000001000
0000000100000000000000000000000000000100000000000000000010010000000100000000001000000000000000000100000000000000000000000000000100000000000000000000000101000100000000000000110000000000000100100011000001000101001000100100001000100100001000100010010010010100000000000000000000001101000000010010000000000000000100
0000000100000000000000000000000000000010010001000000000000000000000010000000011000000000000000000010000000000000000000000000000010000010000000001000000000000010000000000000100100100000000010100100000010000000001000000010001000100100000000010001001101000000000000000000000110110010000000000001010011000000000010
0000000100000001001000001000000000010001000000000000000000000000000001011000000000000000000000000001000000000000000000000000000001000010100000010000000000000001000000000001000101001000000001000000000100000010100000000101000100010010100000010001001010000000000000000000000100100001100000000000000000000010000001
0000000010100000000000000000000000000000100000000000000000000000000000100000000000000000000000000000100000000000000000010000000000100001001000000000000000000000100000100100000110000000000000100000010000011001100000000001100000000000100000000000100000011110000000000000001111000000100000000011000000000000011110
0000000010010000000000000000000000000000010000000000000010100000000000010000000000100001010000000001010000000100000000001001000010010000000000000000000110000000010000100000010100000000000000010000000000000000000000000000010000000000001000000000000100101111000000000000000000111000010000011011000000000000000000
0000000010001000000000000000000000000000001000000000000000000001001000001000000010000010010000000001001000000000000001000100000000001000000000000000001010000000001000000001010000000000010000001000001000001100100000000000001001010000100000000000100000110110100100000000000000000110001000000000000000000000000000
0000000010000100000000000000110011000000000100000000000010000000000000000100000000000000000000000000000100000000000000000000000000000100000000000000001100000000000100000000000000000000110000000100001000010101000000000000000100000101001000000000000100111010010010100000000000000001000101100000000000000000001010
0000000010000010000000000000100010000011000010000000000000000101101000000010000010100011000000000000000010000100000100011000000000000010000000000000000000000000000010000000000000000000000000000010010000000000000000000000000010000000000000000000000000111100001001011000000000000000000011100000000000000000010100
0000000010000001000000000000000000000000100001000000000000000001000000000001000010000000001000000000000001000100000010010000000010000001000000000001100110000001000001000000000000000000000000000001000001001000000000000000000111000000110000000000000000010000111000000100000000111000001001000000000000000000000100
0000000010000000100000100000000101000001000000100000000000010000001000000000100000000000000000000000000000100000000001000000000000000000100000000010101010000000000000100000000000000000000000110000100000000000000000000000000110100011000000000000000000001001011100000100000000000110000000100000011000000000110000
0000000010000000010000000000110000000000000000010000000000000000000000000000010000000000000001000010000000010000000000000000000000000000010000000011001100000000100010010000001000000010000000000000010001000000000000010100010000010000000000000000001000000101101010100100000000000001001000010100010000000000100000
0000000010000000001000100000100100000000100000001000000001011000101000000000001000000000000011000110000000001100000010000000000000000000001010000000000000000001001100001000000000000000000000000000001000000000000000000000010000001000000000000000010000000011110001011100000000000000000000001000000000000000000000
0000000010000000000100000000000000000000000000000100000000010001000000010011001100000000000000000000000000000100000000000000000000000000000100000000000000000000000000000100000000100000010000100000000100000000000000101000000000010100100101000000000000001000100011000010001000000110000100000100011000000110000001
0000000010000000000010000000000000000000000000001010001000000000000000000000000010000000000000000000001011000010000000000000000000000000000010000000000000000000000000000010000001100000110000000000000010000000000010000100110000000010000000000001001000000100010101100010001000000001000000100010010100010100000010
0000000010000000000001000000000000000000000000000001000001010101000000000000000001000000000000000000000000000001000000000000000000000000000001000000000000000000000001010001000000000000001001001000000001000000000000100010110000000001000000000010010000000010001110011010001000000000000100100001100100100000000100
0000000010000000101000100000000000000000000000000000100000000000000000000000000000100000000001000000010010000000100000000000000000000000000000100000000000000000000000000000100000000000000110000000000000100000000010010000000000000001101010100000000000000100010010010001000100100001101001000100100100011000001000
0000000010000000000000010000010000000001000000000000010000000000000000000000000000010000000011000000000000000000010010001000000000000000000000010000000000000000100100000000010000000000000100011000000000010000000000001010000000110110010000000000000000000010001001101001000100100000000001000000010100100000010000
0000000010000000000000001000010100000010000000000000001000000000000000000000000000001011000000000000000000000000001000000000000000000000000010001000001001000001101001000000001000000000001000000000010000001100000000000000000000100100001000000000000000000010001001010000100010010100010100000000101000000000100000
0000000010000000000000000100000000000000000000000000000100001001000000000010000000000100000000000000000000000000000100000000000000000000000000000100000000000000001100000000001100000010000011110000000000000100000100100000000000000011110100000000011000000001111000000011110000000000000000000100000100000000000100
0000000010000000000000000010000000000000000000110000000010000000000000000001001000010010000000100000001010000000001010000000000100010100000000000010000000000000000000000000000010000000000000100000000000000010000100000010000000000000000010000011011000000000000111000101111000000000000000000000100010000000000001
0000000010000000000000000001000000000000000001010000000001000000000000001000100000000001000000000000010010000000001001000000010000000000001001000001000000000000100100000000000001000001000001000000000010000001000000001010000000000000000001000000000000000000000000110110110100100000000000000100000001001010000100
0000000010000110011000000000100000000000000001100000000000100000000000000000000000000000100000000000000000000000000000100000000000010000000000000000100000000000101000000000000000100001000010000000000110000000100000000000000000000001010000101100000000000000000000001111010010010100000000000000100000100000101001
0000000010000100010000011000010000000000000000000000000000010000000000100011000000000000010000100000011000000000000000010000010100000000101101000000010000000000000000000000000000010010000000000000000000000000010000000000000000000010100000011100000000000000000000000111100001001011000000000000000000010000000000
0000000010000000000000000000001000000000001100110000001000001000000000010010000000010000001000100000000001000000000000001000010000000000001000000100001000000000000000000000000000001000001001000000000000000000001000000000000000000000100001001000000000100000000111000010000111000000000000000000000000111000000110
0000000010000000101000001000000100000100010101010000000000000100000000001000000000000000000100000000000000000000000000000100000000000010000001000000000100000000000000000000000110000100000000000000000000000000000100000000000000000110000000000100000011100000000000110001001011100000000000000000000000110100011000
0000000010000110000000000000000010000000011001100000000000000010000000000000000000000000000010000000000000001000010000000010000000000000000000000000000010000000000000000010100000000010001000000000010000000100010010000001000000000100000001000010100010100000000000001000101101010100000000000001000010000010000000
0000000010000100100000000000000001000100000000000000001000000001010000010000000000000000000001100000000000011000110000000001000000001011000101000100000001000000000000000000000000000001000000000000000000000001100001000000000000000000000000000001000000100000000000000000011110001011000000000010000010000001000000
0000000010000000000000000000000000100000000000000000000000000000100000000000000000000000000000100000000000000000000010011001100000000010001000000000000000100000000000000101000100000000100000000100000010000000000000100000000000110000001000100000100011010001000000110001000100011000101000000000000000000010100100
0000000010000000000000000000000000010000000000000000000000000000010000000000000000000001011000010000000000000000000000000000010000000000000000000000000001010001000000010000100000000000010000001100000110000000000000010000100010100000010000000100010010010001000000001000100010101100000000001001000110000000010000
0000000010000000000000000000000000001000000000000000000000000000001000000000000000000000000000001000000000000000000000000000001000001010101000000000000000001000000000000100010001000000001000000000000001001000001010001000100100000000100000100100001100010001000000000000010001110011000000010010000110000000001000
0000000010000000000000000000000101000100000000000000000000000000000100000000000000000010010000000100000000001000000000000000000100000000000000000000000000000100000000010010000000000000000100000000000000110000000000000100100011000001000101001000100100001000100100001000100010010010010100000000000000000000001101
0000000010000010000000001000000000000010000000000000000000000000000010010001000000000000000000000010000000011000000000000000000010000000000000000000000000000010000000000001010011000000000010000000000000100100100000000010100100000010000000001000000010001000100100000000010001001101000000000000000000000110110010
0000000010000010100000010000000000000001000001001000001000000000010001000000000000000000000000000001011000000000000000000000000001000000000000000000000000000001100000000000000000000010000001000000000001000101001000000001000000000100000010100000000101000100010010100000010001001010000000000000000000000100100001
0000000001100001001000000000000000000000100000000000000000000000000000100000000000000000000000000000100000000000000000000000000000100000000000000000010000000000100000000011000000000000011110100000100100000110000000000000100000010000011001100000000001100000000000100000000000100000011110000000000000001111000000
0000000001010000000000000000000110000000010000000000000000000000000000010000000000000010100000000000010000000000100001010000000001010000000100000000001001000010010000011011000000000000000000010000100000010100000000000000010000000000000000000000000000010000000000001000000000000100101111000000000000000000111000
0000000001001000000000000000001010000000001000000000000000000000000000001000000000000000000001001000001000000010000010010000000001001000000000000001000100000000001000000000000000000000000000001000000001010000000000010000001000001000001100100000000000001001010000100000000000100000110110100100000000000000000110
0000000001000100000000000000001100000000000100000000000000110011000000000100000000000010000000000000000100000000000000000000000000000100000000000000000000000000000101100000000000000000001010000100000000000000000000110000000100001000010101000000000000000100000101001000000000000100111010010010100000000000000001
0000000001000010000000000000000000000000000010000000000000100010000011000010000000000000000101101000000010000010100011000000000000000010000100000100011000000000000011100000000000000000010100000010000000000000000000000000000010010000000000000000000000000010000000000000000000000000111100001001011000000000000000
0000000001000001000000000001100110000001000001000000000000000000000000100001000000000000000001000000000001000010000000001000000000000001000100000010010000000010001001000000000000000000000100000001000000000000000000000000000001000001001000000000000000000111000000110000000000000000010000111000000100000000111000
0000000001000000100000000010101010000000000000100000100000000101000001000000100000000000010000001000000000100000000000000000000000000000100000000001000000000000000000100000011000000000110000000000100000000000000000000000110000100000000000000000000000000110100011000000000000000000001001011100000100000000000110
0000000001000000010000000011001100000000000000010000000000110000000000000000010000000000000000000000000000010000000000000001000010000000010000000000000000000000001000010100010000000000100000100010010000001000000010000000000000010001000000000000010100010000010000000000000000001000000101101010100100000000000001
0000000001000000001010000000000000000001000000001000100000100100000000100000001000000001011000101000000000001000000000000011000110000000001100000010000000000000000000001000000000000000000000001100001000000000000000000000000000001000000000000000000000010000001000000000000000010000000011110001011100000000000000
0000000001000000000100000000000000000000000000000100000000000000000000000000000100000000010001000000010011001100000000000000000000000000000100000000000000000000000100000100011000000110000001000000000100000000100000010000100000000100000000000000101000000000010100100101000000000000001000100011000010001000000110
0000000001000000000010000000000000000000000000000010000000000000000000000000001010001000000000000000000000000010000000000000000000001011000010000000000000000000000000100010010100010100000010000000000010000001100000110000000000000010000000000010000100110000000010000000000001001000000100010101100010001000000001
0000000001000000000001000000000000000000000000000001000000000000000000000000000001000001010101000000000000000001000000000000000000000000000001000000000000000000000100100001100100100000000100000001010001000000000000001001001000000001000000000000100010110000000001000000000010010000000010001110011010001000000000
0000000001000000000000100000000000000000000000101000100000000000000000000000000000100000000000000000000000000000100000000001000000010010000000100000000000000000101001000100100100011000001000000000000000100000000000000110000000000000100000000010010000000000000001101010100000000000000100010010010001000100100001
0000000001000000000000010000000000000000000000000000010000010000000001000000000000010000000000000000000000000000010000000011000000000000000000010010001000000000000001000000010100100000010000100100000000010000000000000100011000000000010000000000001010000000110110010000000000000000000010001001101001000100100000
0000000001000000000010001000001001000001000000000000001000010100000010000000000000001000000000000000000000000000001011000000000000000000000000001000000000000000010100000000101000000000100000101001000000001000000000001000000000010000001100000000000000000000100100001000000000000000000010001001010000100010010100
0000000001000000000000000100000000000000000000000000000100000000000000000000000000000100001001000000000010000000000100000000000000000000000000000100000000000000000000000100000100000000000100001100000000001100000010000011110000000000000100000100100000000000000011110100000000011000000001111000000011110000000000
0000000001010100000000000010000000000000000000000000000010000000000000000000110000000010000000000000000001001000010010000000100000001010000000001010000000000100000000000000100010000000000001000000000000000010000000000000100000000000000010000100000010000000000000000010000011011000000000000111000101111000000000
0000000001000000001001000001000000000000000000000000000001000000000000000001010000000001000000000000001000100000000001000000000000010010000000001001000000010000000000000100000001001010000100100100000000000001000001000001000000000010000001000000001010000000000000000001000000000000000000000000110110110100100000
0000000001010000000000000000100000000000000110011000000000100000000000000001100000000000100000000000000000000000000000100000000000000000000000000000100000000000000000000000100000100000101001101000000000000000100001000010000000000110000000100000000000000000000001010000101100000000000000000000001111010010010100
0000000001000000101101000000010000000000000100010000011000010000000000000000000000000000010000000000100011000000000000010000100000011000000000000000010000010100000000000000000000010000000000000000000000000000010010000000000000000000000000010000000000000000000010100000011100000000000000000000000111100001001011
0000000001000000001000000100001000000000000000000000000000001000000000001100110000001000001000000000010010000000010000001000100000000001000000000000001000010000000000000000000000111000000110000000000000000000001000001001000000000000000000001000000000000000000000100001001000000000100000000111000010000111000000
0000000001000010000001000000000100000000000000101000001000000100000100010101010000000000000100000000001000000000000000000100000000000000000000000000000100000000000000000000000000110100011000000000000000000110000100000000000000000000000000000100000000000000000110000000000100000011100000000000110001001011100000
0000000001000000000000000000000010000000000110000000000000000010000000011001100000000000000010000000000000000000000000000010000000000000001000010000000010000000000000000001000010000010000000000000000010100000000010001000000000010000000100010010000001000000000100000001000010100010100000000000001000101101010100
0000000001001011000101000100000001000000000100100000000000000001000100000000000000001000000001010000010000000000000000000001100000000000011000110000000001000000000000000010000010000001000000000000000000000000000001000000000000000000000001100001000000000000000000000000000001000000100000000000000000011110001011
0000000001000010001000000000000000100000000000000000000000000000100000000000000000000000000000100000000000000000000000000000100000000000000000000010011001100000101000000000000000000010100100000000000101000100000000100000000100000010000000000000100000000000110000001000100000100011010001000000110001000100011000
0000000001000000000000000000000001010001000000000000000000000000010000000000000000000000000000010000000000000000000001011000010000000000000000000000000000010000000000001001000110000000010000000000010000100000000000010000001100000110000000000000010000100010100000010000000100010010010001000000001000100010101100
0000000001001010101000000000000000001000000000000000000000000000001000000000000000000000000000001000000000000000000000000000001000000000000000000000000000001000000000010010000110000000001000000000000100010001000000001000000000000001001000001010001000100100000000100000100100001100010001000000000000010001110011
0000000001000000000000000000000000000100000000000000000000000101000100000000000000000000000000000100000000000000000010010000000100000000001000000000000000000100010100000000000000000000001101000000010010000000000000000100000000000000110000000000000100100011000001000101001000100100001000100100001000100010010010
0000000001000000000000000000000000000010000010000000001000000000000010000000000000000000000000000010010001000000000000000000000010000000011000000000000000000010000000000000000000000110110010000000000001010011000000000010000000000000100100100000000010100100000010000000001000000010001000100100000000010001001101
0000000001000000000000000000000000000001000010100000010000000000000001000001001000001000000000010001000000000000000000000000000001011000000000000000000000000001000000000000000000000100100001100000000000000000000010000001000000000001000101001000000001000000000100000010100000000101000100010010100000010001001010
