0111100010001000100010000100001010000010
1011001000100010000100101000010000010100
1101000100010001001000010010100000100001
1110010001000100010001000001000101001000
1000011100101000000101000010000100100010
0001101100010100001010001000001000011000
0100110110000010100000010001100001000100
0010111001000001010000100100010010000001
1000001001110100000100010001001010000001
0001000110111000001000100100000101000100
0100100011010001100001000010010000011000
0010010011100010010010001000100000100010
1000100001000111100000100001100000100100
0001010010001011010000010100010000010001
0100001000011101000110000010000101000010
0010000100101110001001001000001010001000
1000001000101000011100010010001000010100
0001000100010100101100101000000100100001
0010010001000001110110000100100001001000
0100100010000010111001000001010010000010
1000010000010010001001110100000110000100
0001100000100001000110110001001001000001
0100000101001000010011011000100000010010
0010001010000100100011100010010000101000
0100010000010001010000100111001010000100
1000000101000100001010001011010000010010
0010100000100010100000011101000101000001
0001001010001000000101001110100000101000
0010001000011000001000100001011101000010
0100000100100100000100010100101110001000
1000010010000001100001001000110100010001
0001100001000010010010000010111000100100
1000000110000001000110001000010001110100
0001001001000010001001000010100010110001
0010100000011000010000010001000111011000
0100010000100100100000100100001011100010
0001010000100001001000010001010000100111
0100001001001000100010001000000110001011
1000100000010010000100100100100000011101
0010000110000100010001000010001001001110
