0110100010000100100000000010000011000010000000001001000010001011
1011010001000010010000000001000011000001000000000100100001000101
1101101000100001001000000000100001100000100000000010010000100010
0110110100010000100100000000010000110000010000000001001000010001
1011011010001000010010000000001000011000001000000000100100001000
0101101101000100001001000000000100001100000100000000010010000100
0010110110100010000100100000000000000110000010000000001001000010
0001011011010001000010010000000010000011000001000000000100100001
1000101101101000100001001000000001000001100000100000000010010000
0100010110110100010000100100000000100000110000010000000001001000
0010001011011010001000010010000000010000011000001000000000100100
0001000101101101000100001001000000001000001100000100000000010010
0000100010110110100010000100100000000100000110000010000000001001
1000010001011011010001000010010000000010000011000001000000000100
0100001000101101101000100001001000000001000001100000100000000010
0010000100010110110100010000100100000000100000110000010000000001
1001000010001011011010001000010000000000010000011000001000000000
0100100001000101101101000100001010000000001000001100000100000000
0010010000100010110110100010000101000000000100000110000010000000
0001001000010001011011010001000000100000000010000011000001000000
0000100100001000101101101000100010010000000001000001100000100000
0000010010000100010110110100010001001000000000100000110000010000
0000001001000010001011011010001000100100000000010000011000001000
0000000100100001000101101101000100010010000000001000001100000100
0000000010010000100010110110100000001001000000000100000110000010
0000000001001000010001011011010010000100100000000010000011000001
1000000000100100001000101101101001000010010000000001000001100000
0100000000010010000100010110110100100001001000000000100000110000
0010000000001001000010001011011000010000100100000000010000011000
0001000000000100100001000101101110001000010010000000001000001100
0000100000000010010000100010110101000100001001000000000100000110
0000010000000001001000010001011010100010000100100000000010000011
1000001000000000100100001000101111010001000010010000000001000001
1100000100000000010010000100010101101000100001001000000000100000
0110000010000000001001000010001010110100010000100100000000010000
0011000001000000000100100001000111011010001000010010000000001000
0001100000100000000010010000100001101101000100001001000000000100
0000110000010000000001001000010010110110100010000100100000000010
0000011000001000000000100100001001011011010001000010010000000001
1000001100000100000000010010000100101101101000100001001000000000
0100000110000010000000001001000000010110110100010000100100000000
0010000011000001000000000100100010001011011010001000010010000000
0001000001100000100000000010010001000101101101000100001001000000
0000100000110000010000000001001000100010110110100010000100100000
0000010000011000001000000000100100010001011011010001000010010000
0000001000001100000100000000010000001000101101101000100001001000
0000000100000110000010000000001010000100010110110100010000100100
0000000010000011000001000000000101000010001011011010001000010010
0000000001000001100000100000000000100001000101101101000100001001
1000000000100000110000010000000010010000100010110110100010000100
0100000000010000011000001000000001001000010001011011010001000010
0010000000001000001100000100000000100100001000101101101000100001
1001000000000100000110000010000000010010000100010110110100010000
0100100000000010000011000001000000001001000010001011011010001000
0010010000000001000001100000100000000100100001000101101101000100
0001001000000000100000110000010000000010010000100010110110100010
0000100100000000010000011000001000000001001000010001011011010001
1000010010000000001000001100000100000000100100001000101101101000
0100001001000000000100000110000000000000010010000100010110110100
0010000100100000000010000011000010000000001001000010001011011010
0001000010010000000001000001100001000000000100100001000101101101
1000100001001000000000100000110000100000000010010000100010110110
0100010000100100000000010000011000010000000001001000010001011011
1010001000010010000000001000001100001000000000100100001000101101
1101000100001001000000000100000100000100000000010010000100010110
