010110000000010100110000001000000000000100000000000010000001100101000000001101 
101011000000001010011000000100000000000010000000000001000000110010100000000110 
010101100000000101001100000010000000000001000000000000100000011001010000000011 
101010110000000010100110000001000000000000100000000000010000001100101000000001 
110101011000000001010011000000100000000000010000000000001000000110010100000000 
011010101100000000101001100000010000000000001000000000000100000011001010000000 
001101010110000000010100110000001000000000000100000000000010000001100101000000 
000110101011000000001010011000000100000000000010000000000001000000110010100000 
000011010101100000000101001100000010000000000001000000000000100000011001010000 
000001101010110000000010100110000001000000000000100000000000010000001100101000 
000000110101011000000001010011000000100000000000010000000000001000000110010100 
000000011010101100000000101001100000010000000000001000000000000100000011001010 
000000001101010110000000010100110000001000000000000100000000000010000001100101 
100000000110101011000000001010011000000100000000000010000000000001000000110010 
010000000011010101100000000101001100000010000000000001000000000000100000011001 
101000000001101010110000000010100110000001000000000000100000000000010000001100 
010100000000110101011000000001010011000000100000000000010000000000001000000110 
001010000000011010101100000000101001100000010000000000001000000000000100000011 
100101000000001101010110000000010100110000001000000000000100000000000010000001 
110010100000000110101011000000001010011000000100000000000010000000000001000000 
011001010000000011010101100000000101001100000010000000000001000000000000100000 
001100101000000001101010110000000010100110000001000000000000100000000000010000 
000110010100000000110101011000000001010011000000100000000000010000000000001000 
000011001010000000011010101100000000101001100000010000000000001000000000000100 
000001100101000000001101010110000000010100110000001000000000000100000000000010 
000000110010100000000110101011000000001010011000000100000000000010000000000001 
100000011001010000000011010101100000000101001100000010000000000001000000000000 
010000001100101000000001101010110000000010100110000001000000000000100000000000 
001000000110010100000000110101011000000001010011000000100000000000010000000000 
000100000011001010000000011010101100000000101001100000010000000000001000000000 
000010000001100101000000001101010110000000010100110000001000000000000100000000 
000001000000110010100000000110101011000000001010011000000100000000000010000000 
000000100000011001010000000011010101100000000101001100000010000000000001000000 
000000010000001100101000000001101010110000000010100110000001000000000000100000 
000000001000000110010100000000110101011000000001010011000000100000000000010000 
000000000100000011001010000000011010101100000000101001100000010000000000001000 
000000000010000001100101000000001101010110000000010100110000001000000000000100 
000000000001000000110010100000000110101011000000001010011000000100000000000010 
000000000000100000011001010000000011010101100000000101001100000010000000000001 
100000000000010000001100101000000001101010110000000010100110000001000000000000 
010000000000001000000110010100000000110101011000000001010011000000100000000000 
001000000000000100000011001010000000011010101100000000101001100000010000000000 
000100000000000010000001100101000000001101010110000000010100110000001000000000 
000010000000000001000000110010100000000110101011000000001010011000000100000000 
000001000000000000100000011001010000000011010101100000000101001100000010000000 
000000100000000000010000001100101000000001101010110000000010100110000001000000 
000000010000000000001000000110010100000000110101011000000001010011000000100000 
000000001000000000000100000011001010000000011010101100000000101001100000010000 
000000000100000000000010000001100101000000001101010110000000010100110000001000 
000000000010000000000001000000110010100000000110101011000000001010011000000100 
000000000001000000000000100000011001010000000011010101100000000101001100000010 
000000000000100000000000010000001100101000000001101010110000000010100110000001 
100000000000010000000000001000000110010100000000110101011000000001010011000000 
010000000000001000000000000100000011001010000000011010101100000000101001100000 
001000000000000100000000000010000001100101000000001101010110000000010100110000 
000100000000000010000000000001000000110010100000000110101011000000001010011000 
000010000000000001000000000000100000011001010000000011010101100000000101001100 
000001000000000000100000000000010000001100101000000001101010110000000010100110 
000000100000000000010000000000001000000110010100000000110101011000000001010011 
100000010000000000001000000000000100000011001010000000011010101100000000101001 
110000001000000000000100000000000010000001100101000000001101010110000000010100 
011000000100000000000010000000000001000000110010100000000110101011000000001010 
001100000010000000000001000000000000100000011001010000000011010101100000000101 
100110000001000000000000100000000000010000001100101000000001101010110000000010 
010011000000100000000000010000000000001000000110010100000000110101011000000001 
101001100000010000000000001000000000000100000011001010000000011010101100000000 
010100110000001000000000000100000000000010000001100101000000001101010110000000 
001010011000000100000000000010000000000001000000110010100000000110101011000000 
000101001100000010000000000001000000000000100000011001010000000011010101100000 
000010100110000001000000000000100000000000010000001100101000000001101010110000 
000001010011000000100000000000010000000000001000000110010100000000110101011000 
000000101001100000010000000000001000000000000100000011001010000000011010101100 
000000010100110000001000000000000100000000000010000001100101000000001101010110 
000000001010011000000100000000000010000000000001000000110010100000000110101011 
100000000101001100000010000000000001000000000000100000011001010000000011010101 
110000000010100110000001000000000000100000000000010000001100101000000001101010 
011000000001010011000000100000000000010000000000001000000110010100000000110101 
101100000000101001100000010000000000001000000000000100000011001010000000011010

010011000000010110001000001000000000000100000000000010000010001101000000011001 
101001100000001011000100000100000000000010000000000001000001000110100000001100 
010100110000000101100010000010000000000001000000000000100000100011010000000110 
001010011000000010110001000001000000000000100000000000010000010001101000000011 
100101001100000001011000100000100000000000010000000000001000001000110100000001 
110010100110000000101100010000010000000000001000000000000100000100011010000000 
011001010011000000010110001000001000000000000100000000000010000010001101000000 
001100101001100000001011000100000100000000000010000000000001000001000110100000 
000110010100110000000101100010000010000000000001000000000000100000100011010000 
000011001010011000000010110001000001000000000000100000000000010000010001101000 
000001100101001100000001011000100000100000000000010000000000001000001000110100 
000000110010100110000000101100010000010000000000001000000000000100000100011010 
000000011001010011000000010110001000001000000000000100000000000010000010001101 
100000001100101001100000001011000100000100000000000010000000000001000001000110 
010000000110010100110000000101100010000010000000000001000000000000100000100011 
101000000011001010011000000010110001000001000000000000100000000000010000010001 
110100000001100101001100000001011000100000100000000000010000000000001000001000 
011010000000110010100110000000101100010000010000000000001000000000000100000100 
001101000000011001010011000000010110001000001000000000000100000000000010000010 
000110100000001100101001100000001011000100000100000000000010000000000001000001 
100011010000000110010100110000000101100010000010000000000001000000000000100000 
010001101000000011001010011000000010110001000001000000000000100000000000010000 
001000110100000001100101001100000001011000100000100000000000010000000000001000 
000100011010000000110010100110000000101100010000010000000000001000000000000100 
000010001101000000011001010011000000010110001000001000000000000100000000000010 
000001000110100000001100101001100000001011000100000100000000000010000000000001 
100000100011010000000110010100110000000101100010000010000000000001000000000000 
010000010001101000000011001010011000000010110001000001000000000000100000000000 
001000001000110100000001100101001100000001011000100000100000000000010000000000 
000100000100011010000000110010100110000000101100010000010000000000001000000000 
000010000010001101000000011001010011000000010110001000001000000000000100000000 
000001000001000110100000001100101001100000001011000100000100000000000010000000 
000000100000100011010000000110010100110000000101100010000010000000000001000000 
000000010000010001101000000011001010011000000010110001000001000000000000100000 
000000001000001000110100000001100101001100000001011000100000100000000000010000 
000000000100000100011010000000110010100110000000101100010000010000000000001000 
000000000010000010001101000000011001010011000000010110001000001000000000000100 
000000000001000001000110100000001100101001100000001011000100000100000000000010 
000000000000100000100011010000000110010100110000000101100010000010000000000001 
100000000000010000010001101000000011001010011000000010110001000001000000000000 
010000000000001000001000110100000001100101001100000001011000100000100000000000 
001000000000000100000100011010000000110010100110000000101100010000010000000000 
000100000000000010000010001101000000011001010011000000010110001000001000000000 
000010000000000001000001000110100000001100101001100000001011000100000100000000 
000001000000000000100000100011010000000110010100110000000101100010000010000000 
000000100000000000010000010001101000000011001010011000000010110001000001000000 
000000010000000000001000001000110100000001100101001100000001011000100000100000 
000000001000000000000100000100011010000000110010100110000000101100010000010000 
000000000100000000000010000010001101000000011001010011000000010110001000001000 
000000000010000000000001000001000110100000001100101001100000001011000100000100 
000000000001000000000000100000100011010000000110010100110000000101100010000010 
000000000000100000000000010000010001101000000011001010011000000010110001000001 
100000000000010000000000001000001000110100000001100101001100000001011000100000 
010000000000001000000000000100000100011010000000110010100110000000101100010000 
001000000000000100000000000010000010001101000000011001010011000000010110001000 
000100000000000010000000000001000001000110100000001100101001100000001011000100 
000010000000000001000000000000100000100011010000000110010100110000000101100010 
000001000000000000100000000000010000010001101000000011001010011000000010110001 
100000100000000000010000000000001000001000110100000001100101001100000001011000 
010000010000000000001000000000000100000100011010000000110010100110000000101100 
001000001000000000000100000000000010000010001101000000011001010011000000010110 
000100000100000000000010000000000001000001000110100000001100101001100000001011 
100010000010000000000001000000000000100000100011010000000110010100110000000101 
110001000001000000000000100000000000010000010001101000000011001010011000000010 
011000100000100000000000010000000000001000001000110100000001100101001100000001 
101100010000010000000000001000000000000100000100011010000000110010100110000000 
010110001000001000000000000100000000000010000010001101000000011001010011000000 
001011000100000100000000000010000000000001000001000110100000001100101001100000 
000101100010000010000000000001000000000000100000100011010000000110010100110000 
000010110001000001000000000000100000000000010000010001101000000011001010011000 
000001011000100000100000000000010000000000001000001000110100000001100101001100 
000000101100010000010000000000001000000000000100000100011010000000110010100110 
000000010110001000001000000000000100000000000010000010001101000000011001010011 
100000001011000100000100000000000010000000000001000001000110100000001100101001 
110000000101100010000010000000000001000000000000100000100011010000000110010100 
011000000010110001000001000000000000100000000000010000010001101000000011001010 
001100000001011000100000100000000000010000000000001000001000110100000001100101 
100110000000101100010000010000000000001000000000000100000100011010000000110010

010000000000010110010000001000000011000100011000000010000001001101000000000001 
101000000000001011001000000100000001100010001100000001000000100110100000000000 
010100000000000101100100000010000000110001000110000000100000010011010000000000 
001010000000000010110010000001000000011000100011000000010000001001101000000000 
000101000000000001011001000000100000001100010001100000001000000100110100000000 
000010100000000000101100100000010000000110001000110000000100000010011010000000 
000001010000000000010110010000001000000011000100011000000010000001001101000000 
000000101000000000001011001000000100000001100010001100000001000000100110100000 
000000010100000000000101100100000010000000110001000110000000100000010011010000 
000000001010000000000010110010000001000000011000100011000000010000001001101000 
000000000101000000000001011001000000100000001100010001100000001000000100110100 
000000000010100000000000101100100000010000000110001000110000000100000010011010 
000000000001010000000000010110010000001000000011000100011000000010000001001101 
100000000000101000000000001011001000000100000001100010001100000001000000100110 
010000000000010100000000000101100100000010000000110001000110000000100000010011 
101000000000001010000000000010110010000001000000011000100011000000010000001001 
110100000000000101000000000001011001000000100000001100010001100000001000000100 
011010000000000010100000000000101100100000010000000110001000110000000100000010 
001101000000000001010000000000010110010000001000000011000100011000000010000001 
100110100000000000101000000000001011001000000100000001100010001100000001000000 
010011010000000000010100000000000101100100000010000000110001000110000000100000 
001001101000000000001010000000000010110010000001000000011000100011000000010000 
000100110100000000000101000000000001011001000000100000001100010001100000001000 
000010011010000000000010100000000000101100100000010000000110001000110000000100 
000001001101000000000001010000000000010110010000001000000011000100011000000010 
000000100110100000000000101000000000001011001000000100000001100010001100000001 
100000010011010000000000010100000000000101100100000010000000110001000110000000 
010000001001101000000000001010000000000010110010000001000000011000100011000000 
001000000100110100000000000101000000000001011001000000100000001100010001100000 
000100000010011010000000000010100000000000101100100000010000000110001000110000 
000010000001001101000000000001010000000000010110010000001000000011000100011000 
000001000000100110100000000000101000000000001011001000000100000001100010001100 
000000100000010011010000000000010100000000000101100100000010000000110001000110 
000000010000001001101000000000001010000000000010110010000001000000011000100011 
100000001000000100110100000000000101000000000001011001000000100000001100010001 
110000000100000010011010000000000010100000000000101100100000010000000110001000 
011000000010000001001101000000000001010000000000010110010000001000000011000100 
001100000001000000100110100000000000101000000000001011001000000100000001100010 
000110000000100000010011010000000000010100000000000101100100000010000000110001 
100011000000010000001001101000000000001010000000000010110010000001000000011000 
010001100000001000000100110100000000000101000000000001011001000000100000001100 
001000110000000100000010011010000000000010100000000000101100100000010000000110 
000100011000000010000001001101000000000001010000000000010110010000001000000011 
100010001100000001000000100110100000000000101000000000001011001000000100000001 
110001000110000000100000010011010000000000010100000000000101100100000010000000 
011000100011000000010000001001101000000000001010000000000010110010000001000000 
001100010001100000001000000100110100000000000101000000000001011001000000100000 
000110001000110000000100000010011010000000000010100000000000101100100000010000 
000011000100011000000010000001001101000000000001010000000000010110010000001000 
000001100010001100000001000000100110100000000000101000000000001011001000000100 
000000110001000110000000100000010011010000000000010100000000000101100100000010 
000000011000100011000000010000001001101000000000001010000000000010110010000001 
100000001100010001100000001000000100110100000000000101000000000001011001000000 
010000000110001000110000000100000010011010000000000010100000000000101100100000 
001000000011000100011000000010000001001101000000000001010000000000010110010000 
000100000001100010001100000001000000100110100000000000101000000000001011001000 
000010000000110001000110000000100000010011010000000000010100000000000101100100 
000001000000011000100011000000010000001001101000000000001010000000000010110010 
000000100000001100010001100000001000000100110100000000000101000000000001011001 
100000010000000110001000110000000100000010011010000000000010100000000000101100 
010000001000000011000100011000000010000001001101000000000001010000000000010110 
001000000100000001100010001100000001000000100110100000000000101000000000001011 
100100000010000000110001000110000000100000010011010000000000010100000000000101 
110010000001000000011000100011000000010000001001101000000000001010000000000010 
011001000000100000001100010001100000001000000100110100000000000101000000000001 
101100100000010000000110001000110000000100000010011010000000000010100000000000 
010110010000001000000011000100011000000010000001001101000000000001010000000000 
001011001000000100000001100010001100000001000000100110100000000000101000000000 
000101100100000010000000110001000110000000100000010011010000000000010100000000 
000010110010000001000000011000100011000000010000001001101000000000001010000000 
000001011001000000100000001100010001100000001000000100110100000000000101000000 
000000101100100000010000000110001000110000000100000010011010000000000010100000 
000000010110010000001000000011000100011000000010000001001101000000000001010000 
000000001011001000000100000001100010001100000001000000100110100000000000101000 
000000000101100100000010000000110001000110000000100000010011010000000000010100 
000000000010110010000001000000011000100011000000010000001001101000000000001010 
000000000001011001000000100000001100010001100000001000000100110100000000000101 
100000000000101100100000010000000110001000110000000100000010011010000000000010

010000100000010110000110001000000000000100000000000010001100001101000000100001 
101000010000001011000011000100000000000010000000000001000110000110100000010000 
010100001000000101100001100010000000000001000000000000100011000011010000001000 
001010000100000010110000110001000000000000100000000000010001100001101000000100 
000101000010000001011000011000100000000000010000000000001000110000110100000010 
000010100001000000101100001100010000000000001000000000000100011000011010000001 
100001010000100000010110000110001000000000000100000000000010001100001101000000 
010000101000010000001011000011000100000000000010000000000001000110000110100000 
001000010100001000000101100001100010000000000001000000000000100011000011010000 
000100001010000100000010110000110001000000000000100000000000010001100001101000 
000010000101000010000001011000011000100000000000010000000000001000110000110100 
000001000010100001000000101100001100010000000000001000000000000100011000011010 
000000100001010000100000010110000110001000000000000100000000000010001100001101 
100000010000101000010000001011000011000100000000000010000000000001000110000110 
010000001000010100001000000101100001100010000000000001000000000000100011000011 
101000000100001010000100000010110000110001000000000000100000000000010001100001 
110100000010000101000010000001011000011000100000000000010000000000001000110000 
011010000001000010100001000000101100001100010000000000001000000000000100011000 
001101000000100001010000100000010110000110001000000000000100000000000010001100 
000110100000010000101000010000001011000011000100000000000010000000000001000110 
000011010000001000010100001000000101100001100010000000000001000000000000100011 
100001101000000100001010000100000010110000110001000000000000100000000000010001 
110000110100000010000101000010000001011000011000100000000000010000000000001000 
011000011010000001000010100001000000101100001100010000000000001000000000000100 
001100001101000000100001010000100000010110000110001000000000000100000000000010 
000110000110100000010000101000010000001011000011000100000000000010000000000001 
100011000011010000001000010100001000000101100001100010000000000001000000000000 
010001100001101000000100001010000100000010110000110001000000000000100000000000 
001000110000110100000010000101000010000001011000011000100000000000010000000000 
000100011000011010000001000010100001000000101100001100010000000000001000000000 
000010001100001101000000100001010000100000010110000110001000000000000100000000 
000001000110000110100000010000101000010000001011000011000100000000000010000000 
000000100011000011010000001000010100001000000101100001100010000000000001000000 
000000010001100001101000000100001010000100000010110000110001000000000000100000 
000000001000110000110100000010000101000010000001011000011000100000000000010000 
000000000100011000011010000001000010100001000000101100001100010000000000001000 
000000000010001100001101000000100001010000100000010110000110001000000000000100 
000000000001000110000110100000010000101000010000001011000011000100000000000010 
000000000000100011000011010000001000010100001000000101100001100010000000000001 
100000000000010001100001101000000100001010000100000010110000110001000000000000 
010000000000001000110000110100000010000101000010000001011000011000100000000000 
001000000000000100011000011010000001000010100001000000101100001100010000000000 
000100000000000010001100001101000000100001010000100000010110000110001000000000 
000010000000000001000110000110100000010000101000010000001011000011000100000000 
000001000000000000100011000011010000001000010100001000000101100001100010000000 
000000100000000000010001100001101000000100001010000100000010110000110001000000 
000000010000000000001000110000110100000010000101000010000001011000011000100000 
000000001000000000000100011000011010000001000010100001000000101100001100010000 
000000000100000000000010001100001101000000100001010000100000010110000110001000 
000000000010000000000001000110000110100000010000101000010000001011000011000100 
000000000001000000000000100011000011010000001000010100001000000101100001100010 
000000000000100000000000010001100001101000000100001010000100000010110000110001 
100000000000010000000000001000110000110100000010000101000010000001011000011000 
010000000000001000000000000100011000011010000001000010100001000000101100001100 
001000000000000100000000000010001100001101000000100001010000100000010110000110 
000100000000000010000000000001000110000110100000010000101000010000001011000011 
100010000000000001000000000000100011000011010000001000010100001000000101100001 
110001000000000000100000000000010001100001101000000100001010000100000010110000 
011000100000000000010000000000001000110000110100000010000101000010000001011000 
001100010000000000001000000000000100011000011010000001000010100001000000101100 
000110001000000000000100000000000010001100001101000000100001010000100000010110 
000011000100000000000010000000000001000110000110100000010000101000010000001011 
100001100010000000000001000000000000100011000011010000001000010100001000000101 
110000110001000000000000100000000000010001100001101000000100001010000100000010 
011000011000100000000000010000000000001000110000110100000010000101000010000001 
101100001100010000000000001000000000000100011000011010000001000010100001000000 
010110000110001000000000000100000000000010001100001101000000100001010000100000 
001011000011000100000000000010000000000001000110000110100000010000101000010000 
000101100001100010000000000001000000000000100011000011010000001000010100001000 
000010110000110001000000000000100000000000010001100001101000000100001010000100 
000001011000011000100000000000010000000000001000110000110100000010000101000010 
000000101100001100010000000000001000000000000100011000011010000001000010100001 
100000010110000110001000000000000100000000000010001100001101000000100001010000 
010000001011000011000100000000000010000000000001000110000110100000010000101000 
001000000101100001100010000000000001000000000000100011000011010000001000010100 
000100000010110000110001000000000000100000000000010001100001101000000100001010 
000010000001011000011000100000000000010000000000001000110000110100000010000101 
100001000000101100001100010000000000001000000000000100011000011010000001000010

010000000000010001100000001011001000000100000010011010000000110001000000000001 
101000000000001000110000000101100100000010000001001101000000011000100000000000 
010100000000000100011000000010110010000001000000100110100000001100010000000000 
001010000000000010001100000001011001000000100000010011010000000110001000000000 
000101000000000001000110000000101100100000010000001001101000000011000100000000 
000010100000000000100011000000010110010000001000000100110100000001100010000000 
000001010000000000010001100000001011001000000100000010011010000000110001000000 
000000101000000000001000110000000101100100000010000001001101000000011000100000 
000000010100000000000100011000000010110010000001000000100110100000001100010000 
000000001010000000000010001100000001011001000000100000010011010000000110001000 
000000000101000000000001000110000000101100100000010000001001101000000011000100 
000000000010100000000000100011000000010110010000001000000100110100000001100010 
000000000001010000000000010001100000001011001000000100000010011010000000110001 
100000000000101000000000001000110000000101100100000010000001001101000000011000 
010000000000010100000000000100011000000010110010000001000000100110100000001100 
001000000000001010000000000010001100000001011001000000100000010011010000000110 
000100000000000101000000000001000110000000101100100000010000001001101000000011 
100010000000000010100000000000100011000000010110010000001000000100110100000001 
110001000000000001010000000000010001100000001011001000000100000010011010000000 
011000100000000000101000000000001000110000000101100100000010000001001101000000 
001100010000000000010100000000000100011000000010110010000001000000100110100000 
000110001000000000001010000000000010001100000001011001000000100000010011010000 
000011000100000000000101000000000001000110000000101100100000010000001001101000 
000001100010000000000010100000000000100011000000010110010000001000000100110100 
000000110001000000000001010000000000010001100000001011001000000100000010011010 
000000011000100000000000101000000000001000110000000101100100000010000001001101 
100000001100010000000000010100000000000100011000000010110010000001000000100110 
010000000110001000000000001010000000000010001100000001011001000000100000010011 
101000000011000100000000000101000000000001000110000000101100100000010000001001 
110100000001100010000000000010100000000000100011000000010110010000001000000100 
011010000000110001000000000001010000000000010001100000001011001000000100000010 
001101000000011000100000000000101000000000001000110000000101100100000010000001 
100110100000001100010000000000010100000000000100011000000010110010000001000000 
010011010000000110001000000000001010000000000010001100000001011001000000100000 
001001101000000011000100000000000101000000000001000110000000101100100000010000 
000100110100000001100010000000000010100000000000100011000000010110010000001000 
000010011010000000110001000000000001010000000000010001100000001011001000000100 
000001001101000000011000100000000000101000000000001000110000000101100100000010 
000000100110100000001100010000000000010100000000000100011000000010110010000001 
100000010011010000000110001000000000001010000000000010001100000001011001000000 
010000001001101000000011000100000000000101000000000001000110000000101100100000 
001000000100110100000001100010000000000010100000000000100011000000010110010000 
000100000010011010000000110001000000000001010000000000010001100000001011001000 
000010000001001101000000011000100000000000101000000000001000110000000101100100 
000001000000100110100000001100010000000000010100000000000100011000000010110010 
000000100000010011010000000110001000000000001010000000000010001100000001011001 
100000010000001001101000000011000100000000000101000000000001000110000000101100 
010000001000000100110100000001100010000000000010100000000000100011000000010110 
001000000100000010011010000000110001000000000001010000000000010001100000001011 
100100000010000001001101000000011000100000000000101000000000001000110000000101 
110010000001000000100110100000001100010000000000010100000000000100011000000010 
011001000000100000010011010000000110001000000000001010000000000010001100000001 
101100100000010000001001101000000011000100000000000101000000000001000110000000 
010110010000001000000100110100000001100010000000000010100000000000100011000000 
001011001000000100000010011010000000110001000000000001010000000000010001100000 
000101100100000010000001001101000000011000100000000000101000000000001000110000 
000010110010000001000000100110100000001100010000000000010100000000000100011000 
000001011001000000100000010011010000000110001000000000001010000000000010001100 
000000101100100000010000001001101000000011000100000000000101000000000001000110 
000000010110010000001000000100110100000001100010000000000010100000000000100011 
100000001011001000000100000010011010000000110001000000000001010000000000010001 
110000000101100100000010000001001101000000011000100000000000101000000000001000 
011000000010110010000001000000100110100000001100010000000000010100000000000100 
001100000001011001000000100000010011010000000110001000000000001010000000000010 
000110000000101100100000010000001001101000000011000100000000000101000000000001 
100011000000010110010000001000000100110100000001100010000000000010100000000000 
010001100000001011001000000100000010011010000000110001000000000001010000000000 
001000110000000101100100000010000001001101000000011000100000000000101000000000 
000100011000000010110010000001000000100110100000001100010000000000010100000000 
000010001100000001011001000000100000010011010000000110001000000000001010000000 
000001000110000000101100100000010000001001101000000011000100000000000101000000 
000000100011000000010110010000001000000100110100000001100010000000000010100000 
000000010001100000001011001000000100000010011010000000110001000000000001010000 
000000001000110000000101100100000010000001001101000000011000100000000000101000 
000000000100011000000010110010000001000000100110100000001100010000000000010100 
000000000010001100000001011001000000100000010011010000000110001000000000001010 
000000000001000110000000101100100000010000001001101000000011000100000000000101 
100000000000100011000000010110010000001000000100110100000001100010000000000010

010000011000010000000000001001100000010101000000110010000000000001000011000001 
101000001100001000000000000100110000001010100000011001000000000000100001100000 
010100000110000100000000000010011000000101010000001100100000000000010000110000 
001010000011000010000000000001001100000010101000000110010000000000001000011000 
000101000001100001000000000000100110000001010100000011001000000000000100001100 
000010100000110000100000000000010011000000101010000001100100000000000010000110 
000001010000011000010000000000001001100000010101000000110010000000000001000011 
100000101000001100001000000000000100110000001010100000011001000000000000100001 
110000010100000110000100000000000010011000000101010000001100100000000000010000 
011000001010000011000010000000000001001100000010101000000110010000000000001000 
001100000101000001100001000000000000100110000001010100000011001000000000000100 
000110000010100000110000100000000000010011000000101010000001100100000000000010 
000011000001010000011000010000000000001001100000010101000000110010000000000001 
100001100000101000001100001000000000000100110000001010100000011001000000000000 
010000110000010100000110000100000000000010011000000101010000001100100000000000 
001000011000001010000011000010000000000001001100000010101000000110010000000000 
000100001100000101000001100001000000000000100110000001010100000011001000000000 
000010000110000010100000110000100000000000010011000000101010000001100100000000 
000001000011000001010000011000010000000000001001100000010101000000110010000000 
000000100001100000101000001100001000000000000100110000001010100000011001000000 
000000010000110000010100000110000100000000000010011000000101010000001100100000 
000000001000011000001010000011000010000000000001001100000010101000000110010000 
000000000100001100000101000001100001000000000000100110000001010100000011001000 
000000000010000110000010100000110000100000000000010011000000101010000001100100 
000000000001000011000001010000011000010000000000001001100000010101000000110010 
000000000000100001100000101000001100001000000000000100110000001010100000011001 
100000000000010000110000010100000110000100000000000010011000000101010000001100 
010000000000001000011000001010000011000010000000000001001100000010101000000110 
001000000000000100001100000101000001100001000000000000100110000001010100000011 
100100000000000010000110000010100000110000100000000000010011000000101010000001 
110010000000000001000011000001010000011000010000000000001001100000010101000000 
011001000000000000100001100000101000001100001000000000000100110000001010100000 
001100100000000000010000110000010100000110000100000000000010011000000101010000 
000110010000000000001000011000001010000011000010000000000001001100000010101000 
000011001000000000000100001100000101000001100001000000000000100110000001010100 
000001100100000000000010000110000010100000110000100000000000010011000000101010 
000000110010000000000001000011000001010000011000010000000000001001100000010101 
100000011001000000000000100001100000101000001100001000000000000100110000001010 
010000001100100000000000010000110000010100000110000100000000000010011000000101 
101000000110010000000000001000011000001010000011000010000000000001001100000010 
010100000011001000000000000100001100000101000001100001000000000000100110000001 
101010000001100100000000000010000110000010100000110000100000000000010011000000 
010101000000110010000000000001000011000001010000011000010000000000001001100000 
001010100000011001000000000000100001100000101000001100001000000000000100110000 
000101010000001100100000000000010000110000010100000110000100000000000010011000 
000010101000000110010000000000001000011000001010000011000010000000000001001100 
000001010100000011001000000000000100001100000101000001100001000000000000100110 
000000101010000001100100000000000010000110000010100000110000100000000000010011 
100000010101000000110010000000000001000011000001010000011000010000000000001001 
110000001010100000011001000000000000100001100000101000001100001000000000000100 
011000000101010000001100100000000000010000110000010100000110000100000000000010 
001100000010101000000110010000000000001000011000001010000011000010000000000001 
100110000001010100000011001000000000000100001100000101000001100001000000000000 
010011000000101010000001100100000000000010000110000010100000110000100000000000 
001001100000010101000000110010000000000001000011000001010000011000010000000000 
000100110000001010100000011001000000000000100001100000101000001100001000000000 
000010011000000101010000001100100000000000010000110000010100000110000100000000 
000001001100000010101000000110010000000000001000011000001010000011000010000000 
000000100110000001010100000011001000000000000100001100000101000001100001000000 
000000010011000000101010000001100100000000000010000110000010100000110000100000 
000000001001100000010101000000110010000000000001000011000001010000011000010000 
000000000100110000001010100000011001000000000000100001100000101000001100001000 
000000000010011000000101010000001100100000000000010000110000010100000110000100 
000000000001001100000010101000000110010000000000001000011000001010000011000010 
000000000000100110000001010100000011001000000000000100001100000101000001100001 
100000000000010011000000101010000001100100000000000010000110000010100000110000 
010000000000001001100000010101000000110010000000000001000011000001010000011000 
001000000000000100110000001010100000011001000000000000100001100000101000001100 
000100000000000010011000000101010000001100100000000000010000110000010100000110 
000010000000000001001100000010101000000110010000000000001000011000001010000011 
100001000000000000100110000001010100000011001000000000000100001100000101000001 
110000100000000000010011000000101010000001100100000000000010000110000010100000 
011000010000000000001001100000010101000000110010000000000001000011000001010000 
001100001000000000000100110000001010100000011001000000000000100001100000101000 
000110000100000000000010011000000101010000001100100000000000010000110000010100 
000011000010000000000001001100000010101000000110010000000000001000011000001010 
000001100001000000000000100110000001010100000011001000000000000100001100000101 
100000110000100000000000010011000000101010000001100100000000000010000110000010

010110000000010000001100101000000000000100000000000010100110000001000000001101 
101011000000001000000110010100000000000010000000000001010011000000100000000110 
010101100000000100000011001010000000000001000000000000101001100000010000000011 
101010110000000010000001100101000000000000100000000000010100110000001000000001 
110101011000000001000000110010100000000000010000000000001010011000000100000000 
011010101100000000100000011001010000000000001000000000000101001100000010000000 
001101010110000000010000001100101000000000000100000000000010100110000001000000 
000110101011000000001000000110010100000000000010000000000001010011000000100000 
000011010101100000000100000011001010000000000001000000000000101001100000010000 
000001101010110000000010000001100101000000000000100000000000010100110000001000 
000000110101011000000001000000110010100000000000010000000000001010011000000100 
000000011010101100000000100000011001010000000000001000000000000101001100000010 
000000001101010110000000010000001100101000000000000100000000000010100110000001 
100000000110101011000000001000000110010100000000000010000000000001010011000000 
010000000011010101100000000100000011001010000000000001000000000000101001100000 
001000000001101010110000000010000001100101000000000000100000000000010100110000 
000100000000110101011000000001000000110010100000000000010000000000001010011000 
000010000000011010101100000000100000011001010000000000001000000000000101001100 
000001000000001101010110000000010000001100101000000000000100000000000010100110 
000000100000000110101011000000001000000110010100000000000010000000000001010011 
100000010000000011010101100000000100000011001010000000000001000000000000101001 
110000001000000001101010110000000010000001100101000000000000100000000000010100 
011000000100000000110101011000000001000000110010100000000000010000000000001010 
001100000010000000011010101100000000100000011001010000000000001000000000000101 
100110000001000000001101010110000000010000001100101000000000000100000000000010 
010011000000100000000110101011000000001000000110010100000000000010000000000001 
101001100000010000000011010101100000000100000011001010000000000001000000000000 
010100110000001000000001101010110000000010000001100101000000000000100000000000 
001010011000000100000000110101011000000001000000110010100000000000010000000000 
000101001100000010000000011010101100000000100000011001010000000000001000000000 
000010100110000001000000001101010110000000010000001100101000000000000100000000 
000001010011000000100000000110101011000000001000000110010100000000000010000000 
000000101001100000010000000011010101100000000100000011001010000000000001000000 
000000010100110000001000000001101010110000000010000001100101000000000000100000 
000000001010011000000100000000110101011000000001000000110010100000000000010000 
000000000101001100000010000000011010101100000000100000011001010000000000001000 
000000000010100110000001000000001101010110000000010000001100101000000000000100 
000000000001010011000000100000000110101011000000001000000110010100000000000010 
000000000000101001100000010000000011010101100000000100000011001010000000000001 
100000000000010100110000001000000001101010110000000010000001100101000000000000 
010000000000001010011000000100000000110101011000000001000000110010100000000000 
001000000000000101001100000010000000011010101100000000100000011001010000000000 
000100000000000010100110000001000000001101010110000000010000001100101000000000 
000010000000000001010011000000100000000110101011000000001000000110010100000000 
000001000000000000101001100000010000000011010101100000000100000011001010000000 
000000100000000000010100110000001000000001101010110000000010000001100101000000 
000000010000000000001010011000000100000000110101011000000001000000110010100000 
000000001000000000000101001100000010000000011010101100000000100000011001010000 
000000000100000000000010100110000001000000001101010110000000010000001100101000 
000000000010000000000001010011000000100000000110101011000000001000000110010100 
000000000001000000000000101001100000010000000011010101100000000100000011001010 
000000000000100000000000010100110000001000000001101010110000000010000001100101 
100000000000010000000000001010011000000100000000110101011000000001000000110010 
010000000000001000000000000101001100000010000000011010101100000000100000011001 
101000000000000100000000000010100110000001000000001101010110000000010000001100 
010100000000000010000000000001010011000000100000000110101011000000001000000110 
001010000000000001000000000000101001100000010000000011010101100000000100000011 
100101000000000000100000000000010100110000001000000001101010110000000010000001 
110010100000000000010000000000001010011000000100000000110101011000000001000000 
011001010000000000001000000000000101001100000010000000011010101100000000100000 
001100101000000000000100000000000010100110000001000000001101010110000000010000 
000110010100000000000010000000000001010011000000100000000110101011000000001000 
000011001010000000000001000000000000101001100000010000000011010101100000000100 
000001100101000000000000100000000000010100110000001000000001101010110000000010 
000000110010100000000000010000000000001010011000000100000000110101011000000001 
100000011001010000000000001000000000000101001100000010000000011010101100000000 
010000001100101000000000000100000000000010100110000001000000001101010110000000 
001000000110010100000000000010000000000001010011000000100000000110101011000000 
000100000011001010000000000001000000000000101001100000010000000011010101100000 
000010000001100101000000000000100000000000010100110000001000000001101010110000 
000001000000110010100000000000010000000000001010011000000100000000110101011000 
000000100000011001010000000000001000000000000101001100000010000000011010101100 
000000010000001100101000000000000100000000000010100110000001000000001101010110 
000000001000000110010100000000000010000000000001010011000000100000000110101011 
100000000100000011001010000000000001000000000000101001100000010000000011010101 
110000000010000001100101000000000000100000000000010100110000001000000001101010 
011000000001000000110010100000000000010000000000001010011000000100000000110101 
101100000000100000011001010000000000001000000000000101001100000010000000011010

010000100000010001100001101000000000000100000000000010110000110001000000100001 
101000010000001000110000110100000000000010000000000001011000011000100000010000 
010100001000000100011000011010000000000001000000000000101100001100010000001000 
001010000100000010001100001101000000000000100000000000010110000110001000000100 
000101000010000001000110000110100000000000010000000000001011000011000100000010 
000010100001000000100011000011010000000000001000000000000101100001100010000001 
100001010000100000010001100001101000000000000100000000000010110000110001000000 
010000101000010000001000110000110100000000000010000000000001011000011000100000 
001000010100001000000100011000011010000000000001000000000000101100001100010000 
000100001010000100000010001100001101000000000000100000000000010110000110001000 
000010000101000010000001000110000110100000000000010000000000001011000011000100 
000001000010100001000000100011000011010000000000001000000000000101100001100010 
000000100001010000100000010001100001101000000000000100000000000010110000110001 
100000010000101000010000001000110000110100000000000010000000000001011000011000 
010000001000010100001000000100011000011010000000000001000000000000101100001100 
001000000100001010000100000010001100001101000000000000100000000000010110000110 
000100000010000101000010000001000110000110100000000000010000000000001011000011 
100010000001000010100001000000100011000011010000000000001000000000000101100001 
110001000000100001010000100000010001100001101000000000000100000000000010110000 
011000100000010000101000010000001000110000110100000000000010000000000001011000 
001100010000001000010100001000000100011000011010000000000001000000000000101100 
000110001000000100001010000100000010001100001101000000000000100000000000010110 
000011000100000010000101000010000001000110000110100000000000010000000000001011 
100001100010000001000010100001000000100011000011010000000000001000000000000101 
110000110001000000100001010000100000010001100001101000000000000100000000000010 
011000011000100000010000101000010000001000110000110100000000000010000000000001 
101100001100010000001000010100001000000100011000011010000000000001000000000000 
010110000110001000000100001010000100000010001100001101000000000000100000000000 
001011000011000100000010000101000010000001000110000110100000000000010000000000 
000101100001100010000001000010100001000000100011000011010000000000001000000000 
000010110000110001000000100001010000100000010001100001101000000000000100000000 
000001011000011000100000010000101000010000001000110000110100000000000010000000 
000000101100001100010000001000010100001000000100011000011010000000000001000000 
000000010110000110001000000100001010000100000010001100001101000000000000100000 
000000001011000011000100000010000101000010000001000110000110100000000000010000 
000000000101100001100010000001000010100001000000100011000011010000000000001000 
000000000010110000110001000000100001010000100000010001100001101000000000000100 
000000000001011000011000100000010000101000010000001000110000110100000000000010 
000000000000101100001100010000001000010100001000000100011000011010000000000001 
100000000000010110000110001000000100001010000100000010001100001101000000000000 
010000000000001011000011000100000010000101000010000001000110000110100000000000 
001000000000000101100001100010000001000010100001000000100011000011010000000000 
000100000000000010110000110001000000100001010000100000010001100001101000000000 
000010000000000001011000011000100000010000101000010000001000110000110100000000 
000001000000000000101100001100010000001000010100001000000100011000011010000000 
000000100000000000010110000110001000000100001010000100000010001100001101000000 
000000010000000000001011000011000100000010000101000010000001000110000110100000 
000000001000000000000101100001100010000001000010100001000000100011000011010000 
000000000100000000000010110000110001000000100001010000100000010001100001101000 
000000000010000000000001011000011000100000010000101000010000001000110000110100 
000000000001000000000000101100001100010000001000010100001000000100011000011010 
000000000000100000000000010110000110001000000100001010000100000010001100001101 
100000000000010000000000001011000011000100000010000101000010000001000110000110 
010000000000001000000000000101100001100010000001000010100001000000100011000011 
101000000000000100000000000010110000110001000000100001010000100000010001100001 
110100000000000010000000000001011000011000100000010000101000010000001000110000 
011010000000000001000000000000101100001100010000001000010100001000000100011000 
001101000000000000100000000000010110000110001000000100001010000100000010001100 
000110100000000000010000000000001011000011000100000010000101000010000001000110 
000011010000000000001000000000000101100001100010000001000010100001000000100011 
100001101000000000000100000000000010110000110001000000100001010000100000010001 
110000110100000000000010000000000001011000011000100000010000101000010000001000 
011000011010000000000001000000000000101100001100010000001000010100001000000100 
001100001101000000000000100000000000010110000110001000000100001010000100000010 
000110000110100000000000010000000000001011000011000100000010000101000010000001 
100011000011010000000000001000000000000101100001100010000001000010100001000000 
010001100001101000000000000100000000000010110000110001000000100001010000100000 
001000110000110100000000000010000000000001011000011000100000010000101000010000 
000100011000011010000000000001000000000000101100001100010000001000010100001000 
000010001100001101000000000000100000000000010110000110001000000100001010000100 
000001000110000110100000000000010000000000001011000011000100000010000101000010 
000000100011000011010000000000001000000000000101100001100010000001000010100001 
100000010001100001101000000000000100000000000010110000110001000000100001010000 
010000001000110000110100000000000010000000000001011000011000100000010000101000 
001000000100011000011010000000000001000000000000101100001100010000001000010100 
000100000010001100001101000000000000100000000000010110000110001000000100001010 
000010000001000110000110100000000000010000000000001011000011000100000010000101 
100001000000100011000011010000000000001000000000000101100001100010000001000010
